shot_id,x,y,team_id,made,description,meta,flag2
2823864225,4.0,4.0,219,True,1st 19:20:00 : made by Joshua Hughes(Evansville) 3-0,period_1 player_786059564 team_219,False
2823864239,24.0,48.0,219,False,1st 18:38:00 : missed by Keishon Porter(Evansville) 3-1,period_1 player_786059562 team_219,False
2823864244,7.0,44.0,219,True,1st 18:33:00 : made by Joshua Hughes(Evansville) 5-1,period_1 player_786059564 team_219,False
2823864248,67.0,54.0,559,True,1st 18:19:00 : made by Fletcher Loyer(Purdue) 5-4,period_1 player_786059548 team_559,False
2823864252,8.0,48.0,219,True,1st 17:41:00 : made by AJ Casey(Evansville) 7-4,period_1 player_786059563 team_219,False
2823864257,73.0,59.0,559,True,1st 17:21:00 : made by Braden Smith(Purdue) 7-6,period_1 player_786059549 team_559,False
2823864263,71.0,80.0,559,False,1st 16:57:00 : missed by Jack Benter(Purdue) 7-6,period_1 player_786059554 team_559,False
2823864272,78.0,86.0,559,False,1st 16:48:00 : missed by Braden Smith(Purdue) 7-6,period_1 player_786059549 team_559,False
2823864276,89.0,51.0,559,False,1st 16:45:00 : missed by Oscar Cluff(Purdue) 7-6,period_1 player_786059551 team_559,False
2823864281,12.0,31.0,219,False,1st 16:26:00 : missed by Leif Moeller(Evansville) 7-6,period_1 player_786059589 team_219,False
2823864285,75.0,80.0,559,True,1st 16:21:00 : made by Jack Benter(Purdue) 7-9,period_1 player_786059554 team_559,False
2823864290,33.0,52.0,219,False,1st 15:54:00 : missed by Alex Hemenway(Evansville) 7-9,period_1 player_786059561 team_219,False
2823864294,87.0,49.0,559,True,1st 15:43:00 : made by Oscar Cluff(Purdue) 7-11,period_1 player_786059551 team_559,False
2823864298,8.0,46.0,219,False,1st 15:21:00 : missed by Alex Hemenway(Evansville) 7-11,period_1 player_786059561 team_219,False
2823864305,93.0,54.0,559,True,1st 15:12:00 : made by Fletcher Loyer(Purdue) 7-13,period_1 player_786059548 team_559,False
2823864329,27.0,77.0,219,False,1st 14:54:00 : missed by Leif Moeller(Evansville) 7-13,period_1 player_786059589 team_219,False
2823864348,92.0,53.0,559,True,1st 14:27:00 : made by Jack Benter(Purdue) 7-15,period_1 player_786059554 team_559,False
2823864352,17.0,45.0,219,True,1st 14:13:00 : made by AJ Casey(Evansville) 9-15,period_1 player_786059563 team_219,False
2823864366,72.0,23.0,559,False,1st 13:57:00 : missed by Gicarri Harris(Purdue) 10-15,period_1 player_786059553 team_559,False
2823864370,16.0,22.0,219,False,1st 13:38:00 : missed by AJ Casey(Evansville) 10-15,period_1 player_786059563 team_219,False
2823864374,92.0,56.0,559,False,1st 13:31:00 : missed by Gicarri Harris(Purdue) 10-15,period_1 player_786059553 team_559,False
2823864385,76.0,82.0,559,False,1st 13:28:00 : missed by Fletcher Loyer(Purdue) 10-15,period_1 player_786059548 team_559,False
2823864389,11.0,42.0,219,False,1st 13:11:00 : missed by Keishon Porter(Evansville) 10-15,period_1 player_786059562 team_219,False
2823864393,18.0,11.0,219,False,1st 13:06:00 : missed by Keishon Porter(Evansville) 10-15,period_1 player_786059562 team_219,False
2823864406,92.0,45.0,559,True,1st 12:37:00 : made by Omer Mayer(Purdue) 10-17,period_1 player_786059558 team_559,False
2823864408,29.0,69.0,219,False,1st 12:10:00 : missed by Joshua Hughes(Evansville) 10-17,period_1 player_786059564 team_219,False
2823864413,93.0,44.0,559,False,1st 11:59:00 : missed by Braden Smith(Purdue) 10-17,period_1 player_786059549 team_559,False
2823864420,17.0,49.0,219,True,1st 11:46:00 : made by Joshua Hughes(Evansville) 12-17,period_1 player_786059564 team_219,False
2823864422,68.0,26.0,559,False,1st 11:31:00 : missed by Omer Mayer(Purdue) 12-17,period_1 player_786059558 team_559,False
2823864426,92.0,46.0,559,False,1st 11:27:00 : missed by Daniel Jacobsen(Purdue) 12-17,period_1 player_786059556 team_559,False
2823864431,5.0,95.0,219,False,1st 11:07:00 : missed by Leif Moeller(Evansville) 12-17,period_1 player_786059589 team_219,False
2823864435,87.0,4.0,559,True,1st 10:59:00 : made by Liam Murphy(Purdue) 12-20,period_1 player_786059547 team_559,False
2823864440,7.0,45.0,219,True,1st 10:30:00 : made by Bryce Quinet(Evansville) 14-20,period_1 player_786059601 team_219,False
2823864442,67.0,48.0,559,False,1st 10:12:00 : missed by Daniel Jacobsen(Purdue) 14-20,period_1 player_786059556 team_559,False
2823864447,95.0,55.0,559,False,1st 10:08:00 : missed by Gicarri Harris(Purdue) 14-20,period_1 player_786059553 team_559,False
2823864472,17.0,93.0,219,False,1st 09:10:00 : missed by Trent Hundley(Evansville) 14-20,period_1 player_786059570 team_219,False
2823864477,10.0,48.0,219,False,1st 09:05:00 : missed by AJ Casey(Evansville) 14-20,period_1 player_786059563 team_219,False
2823864483,84.0,48.0,559,False,1st 08:46:00 : missed by Daniel Jacobsen(Purdue) 14-20,period_1 player_786059556 team_559,False
2823864488,9.0,47.0,219,False,1st 08:36:00 : missed by Bryce Quinet(Evansville) 14-20,period_1 player_786059601 team_219,False
2823864495,29.0,72.0,219,False,1st 08:32:00 : missed by Leif Moeller(Evansville) 14-20,period_1 player_786059589 team_219,False
2823864521,28.0,21.0,219,False,1st 07:57:00 : missed by Bryce Quinet(Evansville) 14-20,period_1 player_786059601 team_219,False
2823864527,23.0,88.0,219,True,1st 07:49:00 : made by Trent Hundley(Evansville) 17-20,period_1 player_786059570 team_219,False
2823864533,82.0,73.0,559,True,1st 07:33:00 : made by Omer Mayer(Purdue) 17-22,period_1 player_786059558 team_559,False
2823864540,25.0,83.0,219,False,1st 07:10:00 : missed by Joshua Hughes(Evansville) 17-22,period_1 player_786059564 team_219,False
2823864557,78.0,13.0,559,True,1st 06:56:00 : made by Fletcher Loyer(Purdue) 17-25,period_1 player_786059548 team_559,False
2823864564,25.0,17.0,219,False,1st 06:26:00 : missed by AJ Casey(Evansville) 17-25,period_1 player_786059563 team_219,False
2823864570,94.0,5.0,559,False,1st 06:13:00 : missed by Fletcher Loyer(Purdue) 17-25,period_1 player_786059548 team_559,False
2823864574,14.0,50.0,219,False,1st 05:55:00 : missed by Leif Moeller(Evansville) 17-25,period_1 player_786059589 team_219,False
2823864621,23.0,32.0,219,True,1st 05:09:00 : made by Bryce Quinet(Evansville) 19-26,period_1 player_786059601 team_219,False
2823864627,86.0,22.0,559,True,1st 04:42:00 : made by Braden Smith(Purdue) 19-28,period_1 player_786059549 team_559,False
2823864629,25.0,8.0,219,False,1st 04:11:00 : missed by Bryce Quinet(Evansville) 19-28,period_1 player_786059601 team_219,False
2823864647,74.0,8.0,559,True,1st 04:06:00 : made by Fletcher Loyer(Purdue) 19-31,period_1 player_786059548 team_559,False
2823864664,93.0,59.0,559,False,1st 03:19:00 : missed by Braden Smith(Purdue) 19-31,period_1 player_786059549 team_559,False
2823864670,91.0,53.0,559,False,1st 03:16:00 : missed by Oscar Cluff(Purdue) 19-31,period_1 player_786059551 team_559,False
2823864710,10.0,59.0,219,False,1st 02:59:00 : missed by Alex Hemenway(Evansville) 19-33,period_1 player_786059561 team_219,False
2823864728,84.0,65.0,559,False,1st 02:45:00 : missed by Braden Smith(Purdue) 19-33,period_1 player_786059549 team_559,False
2823864734,69.0,15.0,559,True,1st 02:40:00 : made by Fletcher Loyer(Purdue) 19-36,period_1 player_786059548 team_559,False
2823864740,32.0,56.0,219,False,1st 02:24:00 : missed by Joshua Hughes(Evansville) 19-36,period_1 player_786059564 team_219,False
2823864747,89.0,42.0,559,False,1st 02:11:00 : missed by Daniel Jacobsen(Purdue) 19-36,period_1 player_786059556 team_559,False
2823864771,92.0,53.0,559,False,1st 01:16:00 : missed by Gicarri Harris(Purdue) 19-36,period_1 player_786059553 team_559,False
2823864778,26.0,16.0,219,True,1st 01:10:00 : made by Alex Hemenway(Evansville) 22-36,period_1 player_786059561 team_219,False
2823864783,91.0,49.0,559,True,1st 00:52:20 : made by Daniel Jacobsen(Purdue) 22-38,period_1 player_786059556 team_559,False
2823864800,31.0,60.0,219,False,1st 00:29:30 : missed by Alex Hemenway(Evansville) 22-38,period_1 player_786059561 team_219,False
2823864807,74.0,85.0,559,True,1st 00:24:10 : made by Fletcher Loyer(Purdue) 22-41,period_1 player_786059548 team_559,False
2823864813,22.0,69.0,219,False,1st 00:06:80 : missed by Leif Moeller(Evansville) 22-41,period_1 player_786059589 team_219,False
2823864877,28.0,24.0,559,False,2nd 19:49:00 : missed by Braden Smith(Purdue) 22-41,period_2 player_786059549 team_559,False
2823864881,90.0,19.0,219,False,2nd 19:26:00 : missed by Keishon Porter(Evansville) 22-41,period_2 player_786059562 team_219,False
2823864886,17.0,34.0,559,False,2nd 19:09:00 : missed by Braden Smith(Purdue) 22-41,period_2 player_786059549 team_559,False
2823864890,71.0,50.0,219,False,2nd 18:53:00 : missed by Keishon Porter(Evansville) 22-41,period_2 player_786059562 team_219,False
2823864896,66.0,47.0,219,False,2nd 18:44:00 : missed by Leif Moeller(Evansville) 22-41,period_2 player_786059589 team_219,False
2823864902,10.0,44.0,559,True,2nd 18:23:00 : made by Oscar Cluff(Purdue) 22-43,period_2 player_786059551 team_559,False
2823864907,67.0,44.0,219,False,2nd 18:09:00 : missed by Alex Hemenway(Evansville) 22-43,period_2 player_786059561 team_219,False
2823864913,31.0,28.0,559,True,2nd 18:00:00 : made by Jack Benter(Purdue) 22-46,period_2 player_786059554 team_559,False
2823864919,84.0,50.0,219,False,2nd 17:41:00 : missed by Keishon Porter(Evansville) 22-46,period_2 player_786059562 team_219,False
2823864926,32.0,44.0,559,True,2nd 17:27:00 : made by Jack Benter(Purdue) 22-49,period_2 player_786059554 team_559,False
2823864947,72.0,19.0,219,False,2nd 17:01:00 : missed by Keishon Porter(Evansville) 22-49,period_2 player_786059562 team_219,False
2823864954,93.0,54.0,219,False,2nd 16:55:00 : missed by Joshua Hughes(Evansville) 22-49,period_2 player_786059564 team_219,False
2823864962,23.0,47.0,559,True,2nd 16:40:00 : made by Braden Smith(Purdue) 22-51,period_2 player_786059549 team_559,False
2823864973,28.0,14.0,559,False,2nd 16:19:00 : missed by Jack Benter(Purdue) 22-51,period_2 player_786059554 team_559,False
2823864979,7.0,51.0,559,True,2nd 16:14:00 : made by Oscar Cluff(Purdue) 22-53,period_2 player_786059551 team_559,False
2823864981,73.0,16.0,219,False,2nd 15:40:00 : missed by Leif Moeller(Evansville) 22-53,period_2 player_786059589 team_219,False
2823864996,26.0,81.0,559,False,2nd 15:15:00 : missed by Jack Benter(Purdue) 22-53,period_2 player_786059554 team_559,False
2823865021,85.0,28.0,219,False,2nd 14:53:00 : missed by Keishon Porter(Evansville) 22-53,period_2 player_786059562 team_219,False
2823865027,91.0,45.0,219,False,2nd 14:47:00 : missed by Joshua Hughes(Evansville) 22-53,period_2 player_786059564 team_219,False
2823865033,93.0,43.0,219,True,2nd 14:45:00 : made by AJ Casey(Evansville) 24-53,period_2 player_786059563 team_219,False
2823865049,91.0,51.0,219,True,2nd 13:58:00 : made by AJ Casey(Evansville) 27-53,period_2 player_786059563 team_219,False
2823865109,67.0,32.0,219,False,2nd 12:53:00 : missed by Joshua Hughes(Evansville) 27-57,period_2 player_786059564 team_219,False
2823865116,64.0,46.0,219,False,2nd 12:44:00 : missed by Bryce Quinet(Evansville) 27-57,period_2 player_786059601 team_219,False
2823865122,93.0,35.0,219,True,2nd 12:38:00 : made by AJ Casey(Evansville) 29-57,period_2 player_786059563 team_219,False
2823865130,9.0,47.0,559,True,2nd 12:15:00 : made by Daniel Jacobsen(Purdue) 29-59,period_2 player_786059556 team_559,False
2823865136,81.0,7.0,219,False,2nd 11:51:00 : missed by AJ Casey(Evansville) 29-59,period_2 player_786059563 team_219,False
2823865160,85.0,48.0,219,True,2nd 11:21:00 : made by AJ Casey(Evansville) 31-59,period_2 player_786059563 team_219,False
2823865166,10.0,51.0,559,False,2nd 10:55:00 : missed by Daniel Jacobsen(Purdue) 31-59,period_2 player_786059556 team_559,False
2823865173,9.0,49.0,559,True,2nd 10:52:00 : made by Daniel Jacobsen(Purdue) 31-61,period_2 player_786059556 team_559,False
2823865177,84.0,52.0,219,False,2nd 10:27:00 : missed by Keishon Porter(Evansville) 31-61,period_2 player_786059562 team_219,False
2823865183,94.0,50.0,219,True,2nd 10:22:00 : made by James Dyson-Merwe(Evansville) 33-61,period_2 player_786059577 team_219,False
2823865199,23.0,56.0,559,False,2nd 10:02:00 : missed by Omer Mayer(Purdue) 33-61,period_2 player_786059558 team_559,False
2823865206,92.0,4.0,219,False,2nd 09:51:00 : missed by Keishon Porter(Evansville) 33-61,period_2 player_786059562 team_219,False
2823865212,9.0,5.0,559,False,2nd 09:37:00 : missed by Gicarri Harris(Purdue) 33-61,period_2 player_786059553 team_559,False
2823865216,79.0,10.0,219,False,2nd 09:17:00 : missed by Bryce Quinet(Evansville) 33-61,period_2 player_786059601 team_219,False
2823865220,29.0,70.0,559,False,2nd 09:02:00 : missed by Liam Murphy(Purdue) 33-61,period_2 player_786059547 team_559,False
2823865246,34.0,34.0,559,False,2nd 08:56:00 : missed by Omer Mayer(Purdue) 33-61,period_2 player_786059558 team_559,False
2823865250,24.0,82.0,559,True,2nd 08:51:00 : made by Fletcher Loyer(Purdue) 33-64,period_2 player_786059548 team_559,False
2823865260,85.0,51.0,219,True,2nd 08:23:00 : made by Joshua Hughes(Evansville) 35-64,period_2 player_786059564 team_219,False
2823865261,15.0,94.0,559,True,2nd 08:04:00 : made by Omer Mayer(Purdue) 35-67,period_2 player_786059558 team_559,False
2823865263,86.0,70.0,219,True,2nd 07:39:00 : made by Keishon Porter(Evansville) 37-67,period_2 player_786059562 team_219,False
2823865266,63.0,24.0,219,False,2nd 07:12:00 : missed by Trent Hundley(Evansville) 37-67,period_2 player_786059570 team_219,False
2823865268,9.0,53.0,559,False,2nd 07:03:00 : missed by Omer Mayer(Purdue) 37-67,period_2 player_786059558 team_559,False
2823865270,92.0,53.0,219,False,2nd 06:56:00 : missed by Bryce Quinet(Evansville) 37-67,period_2 player_786059601 team_219,False
2823865275,6.0,4.0,559,True,2nd 06:34:00 : made by Fletcher Loyer(Purdue) 37-70,period_2 player_786059548 team_559,False
2823865287,77.0,86.0,219,False,2nd 05:40:00 : missed by Trent Hundley(Evansville) 37-73,period_2 player_786059570 team_219,False
2823865289,71.0,73.0,219,True,2nd 05:30:00 : made by Joshua Hughes(Evansville) 40-73,period_2 player_786059564 team_219,False
2823865291,33.0,53.0,559,False,2nd 05:06:00 : missed by Fletcher Loyer(Purdue) 40-73,period_2 player_786059548 team_559,False
2823865301,90.0,57.0,219,False,2nd 04:44:00 : missed by Leif Moeller(Evansville) 40-73,period_2 player_786059589 team_219,False
2823865303,89.0,45.0,219,False,2nd 04:41:00 : missed by AJ Casey(Evansville) 40-73,period_2 player_786059563 team_219,False
2823865305,8.0,43.0,559,True,2nd 04:25:00 : made by Daniel Jacobsen(Purdue) 40-75,period_2 player_786059556 team_559,False
2823865309,7.0,5.0,559,True,2nd 04:05:00 : made by Gicarri Harris(Purdue) 40-78,period_2 player_786059553 team_559,False
2823865311,86.0,5.0,219,True,2nd 03:42:00 : made by Joshua Hughes(Evansville) 43-78,period_2 player_786059564 team_219,False
2823865321,82.0,47.0,219,False,2nd 03:09:00 : missed by AJ Casey(Evansville) 43-80,period_2 player_786059563 team_219,False
2823865323,92.0,95.0,219,True,2nd 02:54:00 : made by Trent Hundley(Evansville) 46-80,period_2 player_786059570 team_219,False
2823865325,7.0,94.0,559,False,2nd 02:32:00 : missed by Liam Murphy(Purdue) 46-80,period_2 player_786059547 team_559,False
2823865327,66.0,57.0,219,True,2nd 02:06:00 : made by Trent Hundley(Evansville) 49-80,period_2 player_786059570 team_219,False
2823865329,33.0,47.0,559,False,2nd 01:49:00 : missed by Daniel Jacobsen(Purdue) 49-80,period_2 player_786059556 team_559,False
2823865331,83.0,94.0,219,False,2nd 01:30:00 : missed by AJ Casey(Evansville) 49-80,period_2 player_786059563 team_219,False
2823865339,79.0,27.0,219,False,2nd 01:01:00 : missed by Bryce Quinet(Evansville) 49-80,period_2 player_786059601 team_219,False
2823865341,10.0,43.0,559,True,2nd 00:51:60 : made by Aaron Fine(Purdue) 49-82,period_2 player_786059557 team_559,False
2823865342,71.0,15.0,219,False,2nd 00:35:50 : missed by Trent Hundley(Evansville) 49-82,period_2 player_786059570 team_219,False
2823865344,70.0,17.0,219,False,2nd 00:30:30 : missed by Trent Hundley(Evansville) 49-82,period_2 player_786059570 team_219,False
2823865346,91.0,48.0,219,True,2nd 00:26:70 : made by James Dyson-Merwe(Evansville) 51-82,period_2 player_786059577 team_219,False
2826327547,78.0,13.0,559,False,1st 19:45:00 : missed by C.J. Cox(Purdue) 0-0,period_1 player_786268544 team_559,False
2826327555,85.0,34.0,559,False,1st 19:35:00 : missed by Fletcher Loyer(Purdue) 0-0,period_1 player_786268532 team_559,False
2826327561,85.0,93.0,559,False,1st 19:29:00 : missed by Jack Benter(Purdue) 0-0,period_1 player_786268541 team_559,False
2826327573,23.0,14.0,514,False,1st 19:10:00 : missed by Nassim Mashhour(Oakland) 0-0,period_1 player_786268564 team_514,False
2826327579,34.0,50.0,514,False,1st 19:04:00 : missed by Brody Robinson(Oakland) 0-0,period_1 player_786268555 team_514,False
2826327585,8.0,45.0,514,False,1st 18:59:00 : missed by Isaac Garrett(Oakland) 0-0,period_1 player_786268567 team_514,False
2826327592,10.0,47.0,514,False,1st 18:59:00 : missed by Ziare Wells(Oakland) 0-0,period_1 player_786268566 team_514,False
2826327598,9.0,46.0,514,False,1st 18:41:00 : missed by Isaac Garrett(Oakland) 0-0,period_1 player_786268567 team_514,False
2826327603,94.0,95.0,559,False,1st 18:35:00 : missed by Gicarri Harris(Purdue) 0-0,period_1 player_786268539 team_559,False
2826327609,17.0,8.0,514,True,1st 18:28:00 : made by Nassim Mashhour(Oakland) 3-0,period_1 player_786268564 team_514,False
2826327615,94.0,4.0,559,True,1st 18:03:00 : made by Jack Benter(Purdue) 3-3,period_1 player_786268541 team_559,False
2826327623,92.0,47.0,559,True,1st 17:32:00 : made by Braden Smith(Purdue) 3-5,period_1 player_786268534 team_559,False
2826327626,28.0,75.0,514,False,1st 17:19:00 : missed by Nassim Mashhour(Oakland) 3-5,period_1 player_786268564 team_514,False
2826327631,7.0,47.0,514,True,1st 17:15:00 : made by Isaac Garrett(Oakland) 5-5,period_1 player_786268567 team_514,False
2826327647,92.0,49.0,559,True,1st 16:54:00 : made by Oscar Cluff(Purdue) 5-7,period_1 player_786268536 team_559,False
2826327653,12.0,40.0,514,False,1st 16:29:00 : missed by Nassim Mashhour(Oakland) 5-7,period_1 player_786268564 team_514,False
2826327659,79.0,88.0,559,False,1st 16:23:00 : missed by Fletcher Loyer(Purdue) 5-7,period_1 player_786268532 team_559,False
2826327665,16.0,49.0,514,True,1st 16:13:00 : made by Tuburu Naivalurua(Oakland) 7-7,period_1 player_786268558 team_514,False
2826327674,13.0,43.0,514,False,1st 15:41:00 : missed by Ziare Wells(Oakland) 7-7,period_1 player_786268566 team_514,False
2826327683,71.0,24.0,559,True,1st 15:35:00 : made by Braden Smith(Purdue) 7-10,period_1 player_786268534 team_559,False
2826327704,84.0,50.0,559,True,1st 15:01:00 : made by Daniel Jacobsen(Purdue) 7-12,period_1 player_786268547 team_559,False
2826327708,30.0,66.0,514,False,1st 14:45:00 : missed by Brody Robinson(Oakland) 7-12,period_1 player_786268555 team_514,False
2826327714,92.0,5.0,559,False,1st 14:35:00 : missed by Braden Smith(Purdue) 7-12,period_1 player_786268534 team_559,False
2826327720,7.0,46.0,514,False,1st 14:28:00 : missed by Brody Robinson(Oakland) 7-12,period_1 player_786268555 team_514,False
2826327726,6.0,50.0,514,True,1st 14:23:00 : made by Ziare Wells(Oakland) 9-12,period_1 player_786268566 team_514,False
2826327729,72.0,17.0,559,False,1st 14:10:00 : missed by Fletcher Loyer(Purdue) 9-12,period_1 player_786268532 team_559,False
2826327772,22.0,30.0,514,False,1st 13:42:00 : missed by Tuburu Naivalurua(Oakland) 9-12,period_1 player_786268558 team_514,False
2826327777,11.0,86.0,514,False,1st 13:37:00 : missed by Ziare Wells(Oakland) 9-12,period_1 player_786268566 team_514,False
2826327782,70.0,29.0,559,False,1st 13:27:00 : missed by Liam Murphy(Purdue) 9-12,period_1 player_786268529 team_559,False
2826327786,10.0,39.0,514,False,1st 13:07:00 : missed by Tuburu Naivalurua(Oakland) 9-12,period_1 player_786268558 team_514,False
2826327797,16.0,41.0,514,False,1st 13:07:00 : missed by Brody Robinson(Oakland) 9-12,period_1 player_786268555 team_514,False
2826327837,5.0,49.0,514,True,1st 12:13:00 : made by Ziare Wells(Oakland) 11-14,period_1 player_786268566 team_514,False
2826327840,95.0,94.0,559,False,1st 11:58:00 : missed by Liam Murphy(Purdue) 11-14,period_1 player_786268529 team_559,False
2826327862,28.0,22.0,514,False,1st 11:29:00 : missed by Nassim Mashhour(Oakland) 11-14,period_1 player_786268564 team_514,False
2826327867,15.0,25.0,514,True,1st 11:24:00 : made by Nassim Mashhour(Oakland) 13-14,period_1 player_786268564 team_514,False
2826327870,83.0,6.0,559,False,1st 11:04:00 : missed by Omer Mayer(Purdue) 13-14,period_1 player_786268549 team_559,False
2826327903,95.0,4.0,559,True,1st 10:36:00 : made by C.J. Cox(Purdue) 13-17,period_1 player_786268544 team_559,False
2826327911,11.0,64.0,514,False,1st 10:16:00 : missed by Khoi Thurmon(Oakland) 13-17,period_1 player_786268561 team_514,False
2826327922,16.0,54.0,514,True,1st 10:10:00 : made by Tuburu Naivalurua(Oakland) 15-17,period_1 player_786268558 team_514,False
2826327926,82.0,90.0,559,False,1st 09:57:00 : missed by C.J. Cox(Purdue) 15-17,period_1 player_786268544 team_559,False
2826327933,15.0,94.0,514,True,1st 09:45:00 : made by Nassim Mashhour(Oakland) 18-17,period_1 player_786268564 team_514,False
2826327939,76.0,47.0,559,False,1st 09:31:00 : missed by Jack Benter(Purdue) 18-17,period_1 player_786268541 team_559,False
2826327978,82.0,74.0,559,False,1st 08:54:00 : missed by Omer Mayer(Purdue) 20-17,period_1 player_786268549 team_559,False
2826327983,23.0,87.0,514,True,1st 08:34:00 : made by Brett White(Oakland) 23-17,period_1 player_786268568 team_514,False
2826327989,94.0,22.0,559,True,1st 08:16:00 : made by C.J. Cox(Purdue) 23-19,period_1 player_786268544 team_559,False
2826327996,31.0,33.0,514,False,1st 07:50:00 : missed by Tuburu Naivalurua(Oakland) 23-19,period_1 player_786268558 team_514,False
2826328003,84.0,41.0,559,False,1st 07:30:00 : missed by Gicarri Harris(Purdue) 23-19,period_1 player_786268539 team_559,False
2826328009,74.0,80.0,559,True,1st 07:25:00 : made by Jack Benter(Purdue) 23-22,period_1 player_786268541 team_559,False
2826328023,18.0,90.0,514,False,1st 06:54:00 : missed by Tuburu Naivalurua(Oakland) 23-22,period_1 player_786268558 team_514,False
2826328028,91.0,41.0,559,False,1st 06:35:00 : missed by Gicarri Harris(Purdue) 23-22,period_1 player_786268539 team_559,False
2826328047,73.0,78.0,559,False,1st 06:18:00 : missed by Jack Benter(Purdue) 23-22,period_1 player_786268541 team_559,False
2826328053,14.0,41.0,514,False,1st 05:51:00 : missed by Brody Robinson(Oakland) 23-22,period_1 player_786268555 team_514,False
2826328074,91.0,55.0,559,True,1st 05:40:00 : made by Braden Smith(Purdue) 23-24,period_1 player_786268534 team_559,False
2826328077,6.0,4.0,514,False,1st 05:12:00 : missed by Ziare Wells(Oakland) 23-24,period_1 player_786268566 team_514,False
2826328084,87.0,46.0,559,False,1st 05:03:00 : missed by Oscar Cluff(Purdue) 23-24,period_1 player_786268536 team_559,False
2826328090,8.0,52.0,514,True,1st 04:39:00 : made by Nassim Mashhour(Oakland) 25-24,period_1 player_786268564 team_514,False
2826328093,95.0,95.0,559,False,1st 04:21:00 : missed by Fletcher Loyer(Purdue) 25-24,period_1 player_786268532 team_559,False
2826328098,71.0,26.0,559,False,1st 04:15:00 : missed by Jack Benter(Purdue) 25-24,period_1 player_786268541 team_559,False
2826328104,11.0,57.0,514,True,1st 03:53:00 : made by Isaac Garrett(Oakland) 27-24,period_1 player_786268567 team_514,False
2826328107,75.0,82.0,559,False,1st 03:31:00 : missed by Gicarri Harris(Purdue) 27-24,period_1 player_786268539 team_559,False
2826328145,93.0,50.0,559,True,1st 02:52:00 : made by Liam Murphy(Purdue) 27-26,period_1 player_786268529 team_559,False
2826328149,10.0,62.0,514,False,1st 02:27:00 : missed by Ziare Wells(Oakland) 27-26,period_1 player_786268566 team_514,False
2826328155,89.0,50.0,559,True,1st 02:17:00 : made by Fletcher Loyer(Purdue) 27-28,period_1 player_786268532 team_559,False
2826328161,36.0,40.0,514,False,1st 02:02:00 : missed by Nassim Mashhour(Oakland) 27-28,period_1 player_786268564 team_514,False
2826328169,91.0,56.0,559,True,1st 01:49:00 : made by Braden Smith(Purdue) 27-30,period_1 player_786268534 team_559,False
2826328190,20.0,9.0,514,True,1st 01:31:00 : made by Tuburu Naivalurua(Oakland) 30-30,period_1 player_786268558 team_514,False
2826328197,82.0,22.0,559,True,1st 01:11:00 : made by C.J. Cox(Purdue) 30-32,period_1 player_786268544 team_559,False
2826328204,34.0,36.0,514,True,1st 01:00:00 : made by Brody Robinson(Oakland) 33-32,period_1 player_786268555 team_514,False
2826328207,90.0,4.0,559,False,1st 00:42:90 : missed by Liam Murphy(Purdue) 33-32,period_1 player_786268529 team_559,False
2826328217,10.0,55.0,514,True,1st 00:13:00 : made by Ziare Wells(Oakland) 35-32,period_1 player_786268566 team_514,False
2826328227,90.0,96.0,559,True,1st 00:05:60 : made by Liam Murphy(Purdue) 35-35,period_1 player_786268529 team_559,False
2826328291,89.0,47.0,514,True,2nd 19:41:00 : made by Ziare Wells(Oakland) 37-35,period_2 player_786268566 team_514,False
2826328297,22.0,63.0,559,True,2nd 19:29:00 : made by Braden Smith(Purdue) 37-37,period_2 player_786268534 team_559,False
2826328300,93.0,46.0,514,True,2nd 18:57:00 : made by Isaac Garrett(Oakland) 39-37,period_2 player_786268567 team_514,False
2826328306,6.0,96.0,559,True,2nd 18:37:00 : made by Jack Benter(Purdue) 39-40,period_2 player_786268541 team_559,False
2826328312,92.0,95.0,514,False,2nd 18:16:00 : missed by Tuburu Naivalurua(Oakland) 39-40,period_2 player_786268558 team_514,False
2826328318,9.0,58.0,559,True,2nd 18:06:00 : made by Braden Smith(Purdue) 39-42,period_2 player_786268534 team_559,False
2826328330,89.0,43.0,514,False,2nd 17:54:00 : missed by Ziare Wells(Oakland) 39-43,period_2 player_786268566 team_514,False
2826328335,83.0,42.0,514,True,2nd 17:45:00 : made by Ziare Wells(Oakland) 41-43,period_2 player_786268566 team_514,False
2826328342,9.0,46.0,559,True,2nd 17:31:00 : made by Oscar Cluff(Purdue) 41-45,period_2 player_786268536 team_559,False
2826328359,78.0,49.0,514,True,2nd 17:12:00 : made by Nassim Mashhour(Oakland) 43-46,period_2 player_786268564 team_514,False
2826328369,10.0,53.0,559,True,2nd 16:56:00 : made by Oscar Cluff(Purdue) 43-48,period_2 player_786268536 team_559,False
2826328393,8.0,95.0,559,False,2nd 16:35:00 : missed by Jack Benter(Purdue) 44-48,period_2 player_786268541 team_559,False
2826328400,6.0,52.0,559,False,2nd 16:24:00 : missed by Braden Smith(Purdue) 44-48,period_2 player_786268534 team_559,False
2826328407,82.0,44.0,514,False,2nd 16:14:00 : missed by Tuburu Naivalurua(Oakland) 44-48,period_2 player_786268558 team_514,False
2826328413,6.0,46.0,559,True,2nd 16:02:00 : made by Oscar Cluff(Purdue) 44-50,period_2 player_786268536 team_559,False
2826328420,73.0,81.0,514,False,2nd 15:45:00 : missed by Brody Robinson(Oakland) 44-50,period_2 player_786268555 team_514,False
2826328426,8.0,45.0,559,True,2nd 15:37:00 : made by Braden Smith(Purdue) 44-52,period_2 player_786268534 team_559,False
2826328456,92.0,54.0,514,True,2nd 15:25:00 : made by Isaac Garrett(Oakland) 46-53,period_2 player_786268567 team_514,False
2826328464,16.0,46.0,559,False,2nd 15:06:00 : missed by Braden Smith(Purdue) 46-53,period_2 player_786268534 team_559,False
2826328471,80.0,89.0,514,True,2nd 14:45:00 : made by Nassim Mashhour(Oakland) 49-53,period_2 player_786268564 team_514,False
2826328478,13.0,46.0,559,False,2nd 14:29:00 : missed by Gicarri Harris(Purdue) 49-53,period_2 player_786268539 team_559,False
2826328484,7.0,4.0,559,True,2nd 14:15:00 : made by Fletcher Loyer(Purdue) 49-56,period_2 player_786268532 team_559,False
2826328491,90.0,48.0,514,False,2nd 13:52:00 : missed by Tuburu Naivalurua(Oakland) 49-56,period_2 player_786268558 team_514,False
2826328519,93.0,5.0,514,False,2nd 13:36:00 : missed by Brett White(Oakland) 49-56,period_2 player_786268568 team_514,False
2826328530,4.0,49.0,559,False,2nd 13:19:00 : missed by Daniel Jacobsen(Purdue) 49-56,period_2 player_786268547 team_559,False
2826328534,82.0,91.0,514,True,2nd 13:13:00 : made by Brett White(Oakland) 52-56,period_2 player_786268568 team_514,False
2826328538,10.0,95.0,559,False,2nd 12:47:00 : missed by Gicarri Harris(Purdue) 52-56,period_2 player_786268539 team_559,False
2826328542,92.0,40.0,514,False,2nd 12:25:00 : missed by Isaac Garrett(Oakland) 52-56,period_2 player_786268567 team_514,False
2826328551,72.0,26.0,514,True,2nd 12:17:00 : made by Brody Robinson(Oakland) 55-56,period_2 player_786268555 team_514,False
2826328565,4.0,95.0,559,True,2nd 11:59:00 : made by Liam Murphy(Purdue) 55-59,period_2 player_786268529 team_559,False
2826328569,83.0,45.0,514,False,2nd 11:45:00 : missed by Ziare Wells(Oakland) 55-59,period_2 player_786268566 team_514,False
2826328597,5.0,95.0,559,True,2nd 11:10:00 : made by Liam Murphy(Purdue) 55-62,period_2 player_786268529 team_559,False
2826328602,94.0,5.0,514,False,2nd 10:48:00 : missed by Tuburu Naivalurua(Oakland) 55-62,period_2 player_786268558 team_514,False
2826328607,25.0,80.0,559,False,2nd 10:38:00 : missed by C.J. Cox(Purdue) 55-62,period_2 player_786268544 team_559,False
2826328611,71.0,74.0,514,False,2nd 10:20:00 : missed by Brody Robinson(Oakland) 55-62,period_2 player_786268555 team_514,False
2826328616,18.0,90.0,559,False,2nd 10:14:00 : missed by Omer Mayer(Purdue) 55-62,period_2 player_786268549 team_559,False
2826328620,18.0,66.0,559,False,2nd 10:04:00 : missed by Braden Smith(Purdue) 55-62,period_2 player_786268534 team_559,False
2826328631,91.0,45.0,514,True,2nd 09:46:00 : made by Brody Robinson(Oakland) 57-62,period_2 player_786268555 team_514,False
2826328642,7.0,20.0,559,False,2nd 09:28:00 : missed by Fletcher Loyer(Purdue) 57-62,period_2 player_786268532 team_559,False
2826328670,5.0,95.0,559,False,2nd 08:49:00 : missed by Fletcher Loyer(Purdue) 59-62,period_2 player_786268532 team_559,False
2826328675,77.0,84.0,514,False,2nd 08:24:00 : missed by Brett White(Oakland) 59-62,period_2 player_786268568 team_514,False
2826328680,8.0,52.0,559,True,2nd 08:07:00 : made by C.J. Cox(Purdue) 59-64,period_2 player_786268544 team_559,False
2826328716,9.0,45.0,559,True,2nd 07:40:00 : made by Oscar Cluff(Purdue) 61-66,period_2 player_786268536 team_559,False
2826328738,86.0,48.0,514,True,2nd 06:53:00 : made by Ziare Wells(Oakland) 63-68,period_2 player_786268566 team_514,False
2826328742,15.0,50.0,559,True,2nd 06:34:00 : made by Jack Benter(Purdue) 63-70,period_2 player_786268541 team_559,False
2826328747,90.0,54.0,514,False,2nd 06:12:00 : missed by Tuburu Naivalurua(Oakland) 63-70,period_2 player_786268558 team_514,False
2826328764,87.0,48.0,514,True,2nd 05:59:00 : made by Tuburu Naivalurua(Oakland) 65-70,period_2 player_786268558 team_514,False
2826328766,8.0,55.0,559,False,2nd 05:28:00 : missed by Braden Smith(Purdue) 65-70,period_2 player_786268534 team_559,False
2826328770,16.0,93.0,559,True,2nd 05:22:00 : made by Fletcher Loyer(Purdue) 65-73,period_2 player_786268532 team_559,False
2826328774,81.0,42.0,514,True,2nd 05:00:00 : made by Ziare Wells(Oakland) 67-73,period_2 player_786268566 team_514,False
2826328779,16.0,5.0,559,True,2nd 04:43:00 : made by Braden Smith(Purdue) 67-76,period_2 player_786268534 team_559,False
2826328783,96.0,4.0,514,False,2nd 04:19:00 : missed by Nassim Mashhour(Oakland) 67-76,period_2 player_786268564 team_514,False
2826328787,28.0,23.0,559,False,2nd 04:14:00 : missed by Braden Smith(Purdue) 67-76,period_2 player_786268534 team_559,False
2826328804,77.0,12.0,514,False,2nd 03:47:00 : missed by Isaac Garrett(Oakland) 67-77,period_2 player_786268567 team_514,False
2826328808,86.0,48.0,514,True,2nd 03:41:00 : made by Tuburu Naivalurua(Oakland) 69-77,period_2 player_786268558 team_514,False
2826328810,33.0,22.0,559,True,2nd 03:24:00 : made by Fletcher Loyer(Purdue) 69-80,period_2 player_786268532 team_559,False
2826328813,79.0,8.0,514,False,2nd 03:05:00 : missed by Brody Robinson(Oakland) 69-80,period_2 player_786268555 team_514,False
2826328819,29.0,26.0,559,True,2nd 02:54:00 : made by C.J. Cox(Purdue) 69-83,period_2 player_786268544 team_559,False
2826328831,85.0,52.0,514,True,2nd 02:34:00 : made by Ziare Wells(Oakland) 71-83,period_2 player_786268566 team_514,False
2826328860,87.0,42.0,514,False,2nd 01:40:00 : missed by Tuburu Naivalurua(Oakland) 72-85,period_2 player_786268558 team_514,False
2826328866,30.0,70.0,559,False,2nd 01:19:00 : missed by C.J. Cox(Purdue) 72-85,period_2 player_786268544 team_559,False
2826328879,10.0,47.0,559,True,2nd 00:52:50 : made by Fletcher Loyer(Purdue) 73-87,period_2 player_786268532 team_559,False
2826328881,93.0,56.0,514,True,2nd 00:33:30 : made by Brody Robinson(Oakland) 75-87,period_2 player_786268555 team_514,False
2826328883,9.0,54.0,559,False,2nd 00:07:80 : missed by Braden Smith(Purdue) 75-87,period_2 player_786268534 team_559,False
2826328889,92.0,43.0,514,True,2nd 00:02:80 : made by Ziare Wells(Oakland) 77-87,period_2 player_786268566 team_514,False
2831673696,9.0,52.0,8,True,1st 19:44:00 : made by Aiden Sherrell(Alabama) 0-2,period_1 player_786694688 team_8,False
2831673701,85.0,49.0,559,True,1st 19:17:00 : made by Oscar Cluff(Purdue) 2-2,period_1 player_786694722 team_559,False
2831673706,31.0,58.0,8,False,1st 18:57:00 : missed by Labaron Philon(Alabama) 2-2,period_1 player_786694687 team_8,False
2831673715,91.0,50.0,559,True,1st 18:40:00 : made by Oscar Cluff(Purdue) 4-2,period_1 player_786694722 team_559,False
2831673720,8.0,46.0,8,False,1st 18:33:00 : missed by Aden Holloway(Alabama) 4-2,period_1 player_786694685 team_8,False
2831673729,82.0,71.0,559,True,1st 18:18:00 : made by Braden Smith(Purdue) 6-2,period_1 player_786694715 team_559,False
2831673731,24.0,12.0,8,True,1st 18:01:00 : made by Aden Holloway(Alabama) 6-5,period_1 player_786694685 team_8,False
2831673735,87.0,45.0,559,True,1st 17:39:00 : made by Trey Kaufman-Renn(Purdue) 8-5,period_1 player_786694701 team_559,False
2831673737,33.0,61.0,8,False,1st 17:28:00 : missed by Aden Holloway(Alabama) 8-5,period_1 player_786694685 team_8,False
2831673742,14.0,95.0,8,True,1st 17:28:00 : made by Taylor Bol Bowen(Alabama) 8-8,period_1 player_786694686 team_8,False
2831673746,67.0,54.0,559,False,1st 17:28:00 : missed by Braden Smith(Purdue) 8-8,period_1 player_786694715 team_559,False
2831673767,70.0,79.0,559,False,1st 16:37:00 : missed by Fletcher Loyer(Purdue) 8-8,period_1 player_786694709 team_559,False
2831673771,92.0,49.0,559,False,1st 16:26:00 : missed by Oscar Cluff(Purdue) 8-8,period_1 player_786694722 team_559,False
2831673775,16.0,92.0,8,False,1st 16:15:00 : missed by Latrell Wrightsell Jr.(Alabama) 8-8,period_1 player_786694682 team_8,False
2831673780,91.0,50.0,559,False,1st 16:02:00 : missed by Oscar Cluff(Purdue) 8-8,period_1 player_786694722 team_559,False
2831673785,94.0,50.0,559,True,1st 15:57:00 : made by Trey Kaufman-Renn(Purdue) 10-8,period_1 player_786694701 team_559,False
2831673787,8.0,95.0,8,False,1st 15:44:00 : missed by Taylor Bol Bowen(Alabama) 10-8,period_1 player_786694686 team_8,False
2831673793,91.0,52.0,559,False,1st 17:40:00 : missed by Oscar Cluff(Purdue) 6-5,period_1 player_786694722 team_559,False
2831673813,92.0,52.0,559,True,1st 15:27:00 : made by Fletcher Loyer(Purdue) 12-8,period_1 player_786694709 team_559,False
2831673822,90.0,96.0,559,True,1st 15:09:00 : made by Braden Smith(Purdue) 15-8,period_1 player_786694715 team_559,False
2831673826,18.0,91.0,8,True,1st 14:57:00 : made by Amari Allen(Alabama) 15-11,period_1 player_786694689 team_8,False
2831673830,92.0,95.0,559,True,1st 14:30:00 : made by Trey Kaufman-Renn(Purdue) 18-11,period_1 player_786694701 team_559,False
2831673834,7.0,5.0,8,False,1st 14:16:00 : missed by Houston Mallette(Alabama) 18-11,period_1 player_786694683 team_8,False
2831673838,92.0,54.0,559,False,1st 14:04:00 : missed by Daniel Jacobsen(Purdue) 18-11,period_1 player_786694736 team_559,False
2831673851,7.0,94.0,8,True,1st 13:49:00 : made by Houston Mallette(Alabama) 18-14,period_1 player_786694683 team_8,False
2831673855,76.0,70.0,559,False,1st 13:24:00 : missed by Fletcher Loyer(Purdue) 18-14,period_1 player_786694709 team_559,False
2831673859,27.0,76.0,8,True,1st 13:14:00 : made by Noah Williamson(Alabama) 18-17,period_1 player_786694684 team_8,False
2831673864,69.0,59.0,559,False,1st 12:55:00 : missed by Braden Smith(Purdue) 18-17,period_1 player_786694715 team_559,False
2831673868,90.0,52.0,559,False,1st 12:39:00 : missed by Gicarri Harris(Purdue) 18-17,period_1 player_786694729 team_559,False
2831673889,28.0,26.0,8,True,1st 12:23:00 : made by Aden Holloway(Alabama) 18-20,period_1 player_786694685 team_8,False
2831673893,88.0,49.0,559,False,1st 11:59:00 : missed by Daniel Jacobsen(Purdue) 18-20,period_1 player_786694736 team_559,False
2831673897,25.0,78.0,8,False,1st 11:44:00 : missed by Aden Holloway(Alabama) 18-20,period_1 player_786694685 team_8,False
2831673906,73.0,76.0,559,True,1st 11:17:00 : made by Gicarri Harris(Purdue) 21-20,period_1 player_786694729 team_559,False
2831673929,84.0,8.0,559,False,1st 10:56:00 : missed by Omer Mayer(Purdue) 21-22,period_1 player_786694737 team_559,False
2831673946,9.0,6.0,8,False,1st 10:18:00 : missed by Aiden Sherrell(Alabama) 21-22,period_1 player_786694688 team_8,False
2831673950,69.0,34.0,559,True,1st 10:00:00 : made by Omer Mayer(Purdue) 24-22,period_1 player_786694737 team_559,False
2831673952,30.0,61.0,8,True,1st 09:47:00 : made by Aden Holloway(Alabama) 24-25,period_1 player_786694685 team_8,False
2831673956,77.0,73.0,559,True,1st 09:27:00 : made by Omer Mayer(Purdue) 26-25,period_1 player_786694737 team_559,False
2831673958,9.0,95.0,8,False,1st 09:11:00 : missed by Amari Allen(Alabama) 26-25,period_1 player_786694689 team_8,False
2831673979,78.0,51.0,559,True,1st 08:46:00 : made by Trey Kaufman-Renn(Purdue) 28-25,period_1 player_786694701 team_559,False
2831673983,7.0,5.0,8,True,1st 08:33:00 : made by Aden Holloway(Alabama) 28-28,period_1 player_786694685 team_8,False
2831673992,10.0,50.0,8,True,1st 08:06:00 : made by Labaron Philon(Alabama) 28-30,period_1 player_786694687 team_8,False
2831673994,78.0,56.0,559,True,1st 07:50:00 : made by Omer Mayer(Purdue) 30-30,period_1 player_786694737 team_559,False
2831673996,10.0,95.0,8,False,1st 07:36:00 : missed by Labaron Philon(Alabama) 30-30,period_1 player_786694687 team_8,False
2831674007,22.0,15.0,8,False,1st 07:18:00 : missed by Labaron Philon(Alabama) 30-30,period_1 player_786694687 team_8,False
2831674011,90.0,70.0,559,True,1st 06:59:00 : made by Trey Kaufman-Renn(Purdue) 32-30,period_1 player_786694701 team_559,False
2831674013,8.0,47.0,8,True,1st 06:50:00 : made by London Jemison(Alabama) 32-32,period_1 player_786694691 team_8,False
2831674015,69.0,52.0,559,False,1st 06:31:00 : missed by Fletcher Loyer(Purdue) 32-32,period_1 player_786694709 team_559,False
2831674032,10.0,53.0,8,False,1st 06:11:00 : missed by Latrell Wrightsell Jr.(Alabama) 32-32,period_1 player_786694682 team_8,False
2831674042,9.0,46.0,8,False,1st 05:36:00 : missed by Labaron Philon(Alabama) 32-32,period_1 player_786694687 team_8,False
2831674046,92.0,52.0,559,True,1st 05:25:00 : made by Daniel Jacobsen(Purdue) 34-32,period_1 player_786694736 team_559,False
2831674050,31.0,54.0,8,True,1st 05:03:00 : made by Taylor Bol Bowen(Alabama) 34-35,period_1 player_786694686 team_8,False
2831674055,92.0,53.0,559,True,1st 04:42:00 : made by Trey Kaufman-Renn(Purdue) 36-35,period_1 player_786694701 team_559,False
2831674078,87.0,70.0,559,False,1st 04:15:00 : missed by Trey Kaufman-Renn(Purdue) 36-35,period_1 player_786694701 team_559,False
2831674082,6.0,94.0,8,True,1st 04:08:00 : made by Aiden Sherrell(Alabama) 36-38,period_1 player_786694688 team_8,False
2831674093,78.0,37.0,559,False,1st 03:12:00 : missed by Braden Smith(Purdue) 36-38,period_1 player_786694715 team_559,False
2831674096,79.0,50.0,559,True,1st 03:04:00 : made by Trey Kaufman-Renn(Purdue) 38-38,period_1 player_786694701 team_559,False
2831674097,13.0,41.0,8,False,1st 02:52:00 : missed by Labaron Philon(Alabama) 38-38,period_1 player_786694687 team_8,False
2831674099,81.0,48.0,559,False,1st 02:37:00 : missed by Trey Kaufman-Renn(Purdue) 38-38,period_1 player_786694701 team_559,False
2831674101,24.0,80.0,8,False,1st 02:26:00 : missed by Houston Mallette(Alabama) 38-38,period_1 player_786694683 team_8,False
2831674109,86.0,39.0,559,False,1st 02:11:00 : missed by Braden Smith(Purdue) 38-38,period_1 player_786694715 team_559,False
2831674111,69.0,47.0,559,False,1st 02:02:00 : missed by Fletcher Loyer(Purdue) 38-38,period_1 player_786694709 team_559,False
2831674113,90.0,5.0,559,True,1st 01:57:00 : made by Braden Smith(Purdue) 41-38,period_1 player_786694715 team_559,False
2831674119,9.0,51.0,8,False,1st 01:19:00 : missed by Amari Allen(Alabama) 41-38,period_1 player_786694689 team_8,False
2831674121,71.0,26.0,559,False,1st 01:11:00 : missed by Omer Mayer(Purdue) 41-38,period_1 player_786694737 team_559,False
2831674123,10.0,50.0,8,True,1st 00:54:50 : made by Latrell Wrightsell Jr.(Alabama) 41-40,period_1 player_786694682 team_8,False
2831674129,80.0,58.0,559,True,1st 00:35:00 : made by Trey Kaufman-Renn(Purdue) 43-41,period_1 player_786694701 team_559,False
2831674142,9.0,50.0,8,False,1st 00:00:90 : missed by Labaron Philon(Alabama) 43-41,period_1 player_786694687 team_8,False
2831674156,91.0,52.0,8,True,2nd 19:23:00 : made by Aiden Sherrell(Alabama) 45-43,period_2 player_786694688 team_8,False
2831674157,8.0,73.0,559,True,2nd 19:02:00 : made by C.J. Cox(Purdue) 47-43,period_2 player_786694735 team_559,False
2831674161,69.0,46.0,8,False,2nd 18:49:00 : missed by Labaron Philon(Alabama) 48-43,period_2 player_786694687 team_8,False
2831674163,9.0,51.0,559,False,2nd 18:36:00 : missed by Trey Kaufman-Renn(Purdue) 48-43,period_2 player_786694701 team_559,False
2831674165,91.0,50.0,8,True,2nd 18:24:00 : made by Aiden Sherrell(Alabama) 48-45,period_2 player_786694688 team_8,False
2831674169,27.0,75.0,559,False,2nd 17:57:00 : missed by C.J. Cox(Purdue) 48-46,period_2 player_786694735 team_559,False
2831674171,80.0,12.0,8,False,2nd 17:40:00 : missed by Houston Mallette(Alabama) 48-46,period_2 player_786694683 team_8,False
2831674177,92.0,48.0,8,True,2nd 17:18:00 : made by Labaron Philon(Alabama) 48-48,period_2 player_786694687 team_8,False
2831674178,23.0,26.0,559,True,2nd 16:58:00 : made by Fletcher Loyer(Purdue) 50-48,period_2 player_786694709 team_559,False
2831674182,8.0,95.0,559,False,2nd 16:39:00 : missed by Trey Kaufman-Renn(Purdue) 50-48,period_2 player_786694701 team_559,False
2831674188,30.0,55.0,559,True,2nd 16:12:00 : made by Braden Smith(Purdue) 53-48,period_2 player_786694715 team_559,False
2831674189,81.0,49.0,8,False,2nd 15:58:00 : missed by Aden Holloway(Alabama) 53-48,period_2 player_786694685 team_8,False
2831674200,81.0,70.0,8,False,2nd 15:34:00 : missed by Latrell Wrightsell Jr.(Alabama) 53-48,period_2 player_786694682 team_8,False
2831674206,8.0,12.0,559,False,2nd 15:16:00 : missed by Fletcher Loyer(Purdue) 53-48,period_2 player_786694709 team_559,False
2831674208,77.0,17.0,8,True,2nd 15:08:00 : made by Taylor Bol Bowen(Alabama) 53-51,period_2 player_786694686 team_8,False
2831674210,11.0,53.0,559,False,2nd 14:47:00 : missed by Trey Kaufman-Renn(Purdue) 53-51,period_2 player_786694701 team_559,False
2831674213,71.0,70.0,8,True,2nd 14:41:00 : made by Latrell Wrightsell Jr.(Alabama) 53-54,period_2 player_786694682 team_8,False
2831674214,7.0,47.0,559,True,2nd 14:23:00 : made by Daniel Jacobsen(Purdue) 55-54,period_2 player_786694736 team_559,False
2831674226,17.0,50.0,559,True,2nd 13:35:00 : made by Trey Kaufman-Renn(Purdue) 57-56,period_2 player_786694701 team_559,False
2831674227,70.0,62.0,8,False,2nd 13:24:00 : missed by Noah Williamson(Alabama) 57-56,period_2 player_786694684 team_8,False
2831674235,23.0,66.0,559,False,2nd 12:53:00 : missed by Braden Smith(Purdue) 57-56,period_2 player_786694715 team_559,False
2831674243,73.0,76.0,8,False,2nd 12:44:00 : missed by Latrell Wrightsell Jr.(Alabama) 57-56,period_2 player_786694682 team_8,False
2831674249,71.0,66.0,8,True,2nd 12:24:00 : made by Aden Holloway(Alabama) 57-59,period_2 player_786694685 team_8,False
2831674259,73.0,23.0,8,False,2nd 11:59:00 : missed by London Jemison(Alabama) 57-59,period_2 player_786694691 team_8,False
2831674261,62.0,38.0,8,False,2nd 11:52:00 : missed by Latrell Wrightsell Jr.(Alabama) 57-59,period_2 player_786694682 team_8,False
2831674270,85.0,45.0,8,True,2nd 11:34:00 : made by Aden Holloway(Alabama) 57-61,period_2 player_786694685 team_8,False
2831674277,89.0,5.0,8,False,2nd 11:11:00 : missed by London Jemison(Alabama) 59-61,period_2 player_786694691 team_8,False
2831674279,29.0,68.0,559,True,2nd 11:00:00 : made by Braden Smith(Purdue) 62-61,period_2 player_786694715 team_559,False
2831674280,71.0,32.0,8,False,2nd 10:49:00 : missed by London Jemison(Alabama) 62-61,period_2 player_786694691 team_8,False
2831674282,8.0,67.0,559,False,2nd 10:31:00 : missed by Braden Smith(Purdue) 62-61,period_2 player_786694715 team_559,False
2831674290,88.0,45.0,8,True,2nd 10:10:00 : made by Labaron Philon(Alabama) 62-63,period_2 player_786694687 team_8,False
2831674296,16.0,45.0,559,False,2nd 09:45:00 : missed by Gicarri Harris(Purdue) 63-63,period_2 player_786694729 team_559,False
2831674298,74.0,81.0,8,False,2nd 09:33:00 : missed by Latrell Wrightsell Jr.(Alabama) 63-63,period_2 player_786694682 team_8,False
2831674308,29.0,32.0,559,True,2nd 09:13:00 : made by Braden Smith(Purdue) 66-63,period_2 player_786694715 team_559,False
2831674310,69.0,42.0,8,False,2nd 08:58:00 : missed by Noah Williamson(Alabama) 66-63,period_2 player_786694684 team_8,False
2831674312,9.0,52.0,559,False,2nd 08:45:00 : missed by Braden Smith(Purdue) 66-63,period_2 player_786694715 team_559,False
2831674315,78.0,13.0,8,True,2nd 08:37:00 : made by Labaron Philon(Alabama) 66-66,period_2 player_786694687 team_8,False
2831674317,21.0,12.0,559,False,2nd 08:18:00 : missed by Braden Smith(Purdue) 66-66,period_2 player_786694715 team_559,False
2831674319,12.0,47.0,559,False,2nd 08:15:00 : missed by Trey Kaufman-Renn(Purdue) 66-66,period_2 player_786694701 team_559,False
2831674332,76.0,15.0,8,False,2nd 07:35:00 : missed by Taylor Bol Bowen(Alabama) 68-66,period_2 player_786694686 team_8,False
2831674340,25.0,19.0,559,False,2nd 07:11:00 : missed by Braden Smith(Purdue) 68-68,period_2 player_786694715 team_559,False
2831674342,14.0,53.0,559,True,2nd 07:06:00 : made by Oscar Cluff(Purdue) 70-68,period_2 player_786694722 team_559,False
2831674343,71.0,29.0,8,False,2nd 06:53:00 : missed by Aden Holloway(Alabama) 70-68,period_2 player_786694685 team_8,False
2831674351,90.0,53.0,8,False,2nd 06:36:00 : missed by Amari Allen(Alabama) 72-68,period_2 player_786694689 team_8,False
2831674353,15.0,40.0,559,False,2nd 06:21:00 : missed by Braden Smith(Purdue) 72-68,period_2 player_786694715 team_559,False
2831674357,9.0,52.0,559,True,2nd 06:13:00 : made by Daniel Jacobsen(Purdue) 74-68,period_2 player_786694736 team_559,False
2831674359,92.0,95.0,8,True,2nd 06:00:00 : made by Houston Mallette(Alabama) 74-71,period_2 player_786694683 team_8,False
2831674361,17.0,91.0,559,True,2nd 05:39:00 : made by Fletcher Loyer(Purdue) 77-71,period_2 player_786694709 team_559,False
2831674363,72.0,72.0,8,False,2nd 05:28:00 : missed by Aden Holloway(Alabama) 77-71,period_2 player_786694685 team_8,False
2831674365,8.0,50.0,559,True,2nd 05:11:00 : made by Daniel Jacobsen(Purdue) 79-71,period_2 player_786694736 team_559,False
2831674367,78.0,65.0,8,True,2nd 04:44:00 : made by Aden Holloway(Alabama) 79-73,period_2 player_786694685 team_8,False
2831674376,82.0,48.0,8,False,2nd 04:07:00 : missed by Labaron Philon(Alabama) 79-73,period_2 player_786694687 team_8,False
2831674378,30.0,36.0,559,False,2nd 03:48:00 : missed by Braden Smith(Purdue) 79-73,period_2 player_786694715 team_559,False
2831674390,91.0,49.0,8,True,2nd 03:32:00 : made by Taylor Bol Bowen(Alabama) 80-75,period_2 player_786694686 team_8,False
2831674394,92.0,49.0,8,True,2nd 03:05:00 : made by Labaron Philon(Alabama) 80-77,period_2 player_786694687 team_8,False
2831674398,14.0,30.0,559,False,2nd 02:44:00 : missed by Braden Smith(Purdue) 80-77,period_2 player_786694715 team_559,False
2831674400,15.0,44.0,559,False,2nd 02:22:00 : missed by Oscar Cluff(Purdue) 80-77,period_2 player_786694722 team_559,False
2831674404,84.0,13.0,8,False,2nd 02:07:00 : missed by Houston Mallette(Alabama) 80-77,period_2 player_786694683 team_8,False
2831674406,16.0,48.0,559,False,2nd 01:51:00 : missed by Trey Kaufman-Renn(Purdue) 80-77,period_2 player_786694701 team_559,False
2831674408,74.0,20.0,8,True,2nd 01:42:00 : made by Houston Mallette(Alabama) 80-80,period_2 player_786694683 team_8,False
2831674410,9.0,48.0,559,True,2nd 01:18:00 : made by Braden Smith(Purdue) 82-80,period_2 player_786694715 team_559,False
2831674419,92.0,5.0,8,False,2nd 00:32:10 : missed by Taylor Bol Bowen(Alabama) 84-80,period_2 player_786694686 team_8,False
2831674428,69.0,48.0,8,False,2nd 00:23:40 : missed by Labaron Philon(Alabama) 85-80,period_2 player_786694687 team_8,False
2831674436,69.0,53.0,8,False,2nd 00:16:20 : missed by Latrell Wrightsell Jr.(Alabama) 87-80,period_2 player_786694682 team_8,False
2834770049,79.0,12.0,559,True,1st 19:35:00 : made by Fletcher Loyer(Purdue) 0-3,period_1 player_786917342 team_559,False
2834770051,9.0,4.0,5,False,1st 19:19:00 : missed by Shammah Scott(Akron) 0-3,period_1 player_786917355 team_5,False
2834770054,7.0,95.0,5,True,1st 19:05:00 : made by Eric Mahaffey(Akron) 3-3,period_1 player_786917365 team_5,False
2834770061,16.0,46.0,5,True,1st 18:17:00 : made by Evan Mahaffey(Akron) 5-6,period_1 player_786917357 team_5,False
2834770063,82.0,74.0,559,False,1st 17:59:00 : missed by Fletcher Loyer(Purdue) 5-6,period_1 player_786917342 team_559,False
2834770065,16.0,94.0,5,True,1st 17:52:00 : made by Tavari Johnson(Akron) 8-6,period_1 player_786917360 team_5,False
2834770067,74.0,79.0,559,True,1st 17:29:00 : made by Braden Smith(Purdue) 8-9,period_1 player_786917343 team_559,False
2834770068,9.0,45.0,5,True,1st 17:13:00 : made by Tavari Johnson(Akron) 10-9,period_1 player_786917360 team_5,False
2834770069,93.0,54.0,559,True,1st 16:53:00 : made by Fletcher Loyer(Purdue) 10-11,period_1 player_786917342 team_559,False
2834770071,15.0,69.0,5,True,1st 16:41:00 : made by Tavari Johnson(Akron) 12-11,period_1 player_786917360 team_5,False
2834770072,84.0,42.0,559,False,1st 16:09:00 : missed by Oscar Cluff(Purdue) 12-11,period_1 player_786917345 team_559,False
2834770081,7.0,45.0,5,True,1st 15:54:00 : made by Eric Mahaffey(Akron) 14-11,period_1 player_786917365 team_5,False
2834770083,68.0,51.0,559,False,1st 15:43:00 : missed by Braden Smith(Purdue) 14-11,period_1 player_786917343 team_559,False
2834770100,85.0,49.0,559,False,1st 15:27:00 : missed by Fletcher Loyer(Purdue) 14-12,period_1 player_786917342 team_559,False
2834770102,18.0,32.0,5,False,1st 15:15:00 : missed by Tavari Johnson(Akron) 14-12,period_1 player_786917360 team_5,False
2834770108,29.0,23.0,5,False,1st 15:03:00 : missed by Bowen Hardman(Akron) 14-12,period_1 player_786917358 team_5,False
2834770110,13.0,43.0,5,False,1st 14:51:00 : missed by Tavari Johnson(Akron) 14-12,period_1 player_786917360 team_5,False
2834770114,89.0,79.0,559,False,1st 14:16:00 : missed by Trey Kaufman-Renn(Purdue) 14-12,period_1 player_786917341 team_559,False
2834770125,82.0,7.0,559,True,1st 13:54:00 : made by Fletcher Loyer(Purdue) 14-15,period_1 player_786917342 team_559,False
2834770133,92.0,50.0,559,True,1st 13:26:00 : made by Gicarri Harris(Purdue) 14-17,period_1 player_786917347 team_559,False
2834770140,32.0,53.0,5,True,1st 13:15:00 : made by Amani Lyles(Akron) 17-17,period_1 player_786917359 team_5,False
2834770142,77.0,84.0,559,False,1st 12:56:00 : missed by Braden Smith(Purdue) 17-17,period_1 player_786917343 team_559,False
2834770144,93.0,47.0,559,False,1st 12:46:00 : missed by Braden Smith(Purdue) 17-17,period_1 player_786917343 team_559,False
2834770146,89.0,47.0,559,False,1st 12:43:00 : missed by Daniel Jacobsen(Purdue) 17-17,period_1 player_786917350 team_559,False
2834770149,10.0,47.0,5,False,1st 12:37:00 : missed by Shammah Scott(Akron) 17-17,period_1 player_786917355 team_5,False
2834770151,93.0,5.0,559,True,1st 12:20:00 : made by Omer Mayer(Purdue) 17-20,period_1 player_786917352 team_559,False
2834770153,22.0,66.0,5,True,1st 12:04:00 : made by Shammah Scott(Akron) 19-20,period_1 player_786917355 team_5,False
2834770154,72.0,72.0,559,True,1st 11:42:00 : made by Daniel Jacobsen(Purdue) 19-23,period_1 player_786917350 team_559,False
2834770156,29.0,26.0,5,False,1st 11:29:00 : missed by Amani Lyles(Akron) 19-23,period_1 player_786917359 team_5,False
2834770158,91.0,55.0,559,True,1st 11:16:00 : made by Braden Smith(Purdue) 19-25,period_1 player_786917343 team_559,False
2834770169,17.0,56.0,5,False,1st 10:48:00 : missed by Shammah Scott(Akron) 19-25,period_1 player_786917355 team_5,False
2834770172,13.0,48.0,5,False,1st 10:44:00 : missed by Evan Mahaffey(Akron) 19-25,period_1 player_786917357 team_5,False
2834770174,23.0,85.0,5,False,1st 10:36:00 : missed by Shammah Scott(Akron) 19-25,period_1 player_786917355 team_5,False
2834770176,7.0,19.0,5,True,1st 10:24:00 : made by Tavari Johnson(Akron) 21-25,period_1 player_786917360 team_5,False
2834770190,8.0,41.0,5,False,1st 09:32:00 : missed by Tavari Johnson(Akron) 21-27,period_1 player_786917360 team_5,False
2834770201,27.0,75.0,5,False,1st 09:03:00 : missed by Amani Lyles(Akron) 21-28,period_1 player_786917359 team_5,False
2834770203,79.0,33.0,559,True,1st 08:43:00 : made by Omer Mayer(Purdue) 21-30,period_1 player_786917352 team_559,False
2834770204,34.0,30.0,5,False,1st 08:30:00 : missed by Sharron Young(Akron) 21-30,period_1 player_786917364 team_5,False
2834770210,93.0,51.0,559,True,1st 08:14:00 : made by Oscar Cluff(Purdue) 21-32,period_1 player_786917345 team_559,False
2834770212,30.0,68.0,5,True,1st 08:05:00 : made by Bowen Hardman(Akron) 24-32,period_1 player_786917358 team_5,False
2834770214,84.0,7.0,559,False,1st 07:43:00 : missed by Omer Mayer(Purdue) 24-32,period_1 player_786917352 team_559,False
2834770224,18.0,46.0,5,False,1st 07:15:00 : missed by Evan Mahaffey(Akron) 24-33,period_1 player_786917357 team_5,False
2834770226,89.0,46.0,559,False,1st 06:47:00 : missed by Trey Kaufman-Renn(Purdue) 24-33,period_1 player_786917341 team_559,False
2834770228,94.0,50.0,559,True,1st 06:42:00 : made by Trey Kaufman-Renn(Purdue) 24-35,period_1 player_786917341 team_559,False
2834770229,32.0,35.0,5,False,1st 06:37:00 : missed by Sharron Young(Akron) 24-35,period_1 player_786917364 team_5,False
2834770240,30.0,43.0,5,True,1st 06:20:00 : made by Bowen Hardman(Akron) 27-35,period_1 player_786917358 team_5,False
2834770242,91.0,4.0,559,True,1st 05:48:00 : made by C.J. Cox(Purdue) 27-38,period_1 player_786917349 team_559,False
2834770249,12.0,40.0,5,False,1st 05:25:00 : missed by Eric Mahaffey(Akron) 27-38,period_1 player_786917365 team_5,False
2834770253,11.0,95.0,5,True,1st 05:19:00 : made by Tavari Johnson(Akron) 30-38,period_1 player_786917360 team_5,False
2834770254,82.0,69.0,559,False,1st 04:55:00 : missed by Braden Smith(Purdue) 30-38,period_1 player_786917343 team_559,False
2834770256,88.0,5.0,559,False,1st 04:51:00 : missed by C.J. Cox(Purdue) 30-38,period_1 player_786917349 team_559,False
2834770258,8.0,47.0,5,False,1st 04:32:00 : missed by Eric Mahaffey(Akron) 30-38,period_1 player_786917365 team_5,False
2834770276,32.0,39.0,5,True,1st 04:04:00 : made by Shammah Scott(Akron) 33-40,period_1 player_786917355 team_5,False
2834770277,88.0,65.0,559,False,1st 03:45:00 : missed by Trey Kaufman-Renn(Purdue) 33-40,period_1 player_786917341 team_559,False
2834770279,17.0,4.0,5,False,1st 03:39:00 : missed by Shammah Scott(Akron) 33-40,period_1 player_786917355 team_5,False
2834770281,9.0,52.0,5,True,1st 03:31:00 : made by Amani Lyles(Akron) 35-40,period_1 player_786917359 team_5,False
2834770292,73.0,57.0,559,False,1st 03:11:00 : missed by C.J. Cox(Purdue) 35-40,period_1 player_786917349 team_559,False
2834770294,93.0,53.0,559,True,1st 03:05:00 : made by Oscar Cluff(Purdue) 35-42,period_1 player_786917345 team_559,False
2834770295,9.0,5.0,5,False,1st 02:42:00 : missed by Tavari Johnson(Akron) 35-42,period_1 player_786917360 team_5,False
2834770307,20.0,33.0,5,False,1st 02:20:00 : missed by Shammah Scott(Akron) 35-44,period_1 player_786917355 team_5,False
2834770313,92.0,40.0,559,False,1st 01:46:00 : missed by C.J. Cox(Purdue) 35-44,period_1 player_786917349 team_559,False
2834770315,71.0,79.0,559,True,1st 01:42:00 : made by Omer Mayer(Purdue) 35-47,period_1 player_786917352 team_559,False
2834770317,9.0,44.0,5,False,1st 01:21:00 : missed by Evan Mahaffey(Akron) 35-47,period_1 player_786917357 team_5,False
2834770334,92.0,96.0,559,True,1st 00:56:10 : made by Fletcher Loyer(Purdue) 37-50,period_1 player_786917342 team_559,False
2834770336,9.0,56.0,5,True,1st 00:39:10 : made by Tavari Johnson(Akron) 39-50,period_1 player_786917360 team_5,False
2834770337,90.0,47.0,559,True,1st 00:08:50 : made by Oscar Cluff(Purdue) 39-52,period_1 player_786917345 team_559,False
2834770339,28.0,82.0,5,False,1st 00:00:10 : missed by Shammah Scott(Akron) 39-52,period_1 player_786917355 team_5,False
2834770350,74.0,78.0,5,True,2nd 19:37:00 : made by Evan Mahaffey(Akron) 42-52,period_2 player_786917357 team_5,False
2834770352,16.0,45.0,559,True,2nd 19:08:00 : made by Trey Kaufman-Renn(Purdue) 42-54,period_2 player_786917341 team_559,False
2834770354,88.0,96.0,5,False,2nd 18:58:00 : missed by Shammah Scott(Akron) 42-54,period_2 player_786917355 team_5,False
2834770357,71.0,70.0,5,True,2nd 18:32:00 : made by Amani Lyles(Akron) 45-54,period_2 player_786917359 team_5,False
2834770359,25.0,16.0,559,False,2nd 18:06:00 : missed by Fletcher Loyer(Purdue) 45-54,period_2 player_786917342 team_559,False
2834770361,7.0,53.0,559,True,2nd 18:00:00 : made by Trey Kaufman-Renn(Purdue) 45-56,period_2 player_786917341 team_559,False
2834770362,87.0,45.0,5,False,2nd 17:49:00 : missed by Eric Mahaffey(Akron) 45-56,period_2 player_786917365 team_5,False
2834770364,20.0,33.0,559,True,2nd 17:36:00 : made by Trey Kaufman-Renn(Purdue) 45-58,period_2 player_786917341 team_559,False
2834770379,82.0,35.0,5,False,2nd 16:46:00 : missed by Tavari Johnson(Akron) 46-60,period_2 player_786917360 team_5,False
2834770381,5.0,95.0,559,False,2nd 16:32:00 : missed by C.J. Cox(Purdue) 46-60,period_2 player_786917349 team_559,False
2834770383,11.0,43.0,559,False,2nd 16:18:00 : missed by Braden Smith(Purdue) 46-60,period_2 player_786917343 team_559,False
2834770385,9.0,42.0,559,True,2nd 16:16:00 : made by Braden Smith(Purdue) 46-62,period_2 player_786917343 team_559,False
2834770389,77.0,12.0,5,False,2nd 15:58:00 : missed by Bowen Hardman(Akron) 46-62,period_2 player_786917358 team_5,False
2834770391,7.0,51.0,559,False,2nd 15:47:00 : missed by Fletcher Loyer(Purdue) 46-62,period_2 player_786917342 team_559,False
2834770393,6.0,50.0,559,True,2nd 15:40:00 : made by Trey Kaufman-Renn(Purdue) 46-64,period_2 player_786917341 team_559,False
2834770394,80.0,8.0,5,False,2nd 15:34:00 : missed by Amani Lyles(Akron) 46-64,period_2 player_786917359 team_5,False
2834770396,9.0,52.0,559,False,2nd 15:07:00 : missed by Braden Smith(Purdue) 46-64,period_2 player_786917343 team_559,False
2834770398,9.0,43.0,559,False,2nd 15:05:00 : missed by Oscar Cluff(Purdue) 46-64,period_2 player_786917345 team_559,False
2834770414,89.0,64.0,5,False,2nd 14:53:00 : missed by Tavari Johnson(Akron) 46-64,period_2 player_786917360 team_5,False
2834770420,9.0,45.0,559,True,2nd 14:25:00 : made by Braden Smith(Purdue) 46-66,period_2 player_786917343 team_559,False
2834770424,15.0,57.0,559,False,2nd 13:58:00 : missed by Braden Smith(Purdue) 46-66,period_2 player_786917343 team_559,False
2834770438,8.0,46.0,559,True,2nd 13:26:00 : made by Trey Kaufman-Renn(Purdue) 46-68,period_2 player_786917341 team_559,False
2834770440,94.0,95.0,5,True,2nd 13:09:00 : made by Eric Mahaffey(Akron) 49-68,period_2 player_786917365 team_5,False
2834770442,12.0,49.0,559,True,2nd 12:42:00 : made by Daniel Jacobsen(Purdue) 49-70,period_2 player_786917350 team_559,False
2834770444,76.0,33.0,5,True,2nd 12:29:00 : made by Shammah Scott(Akron) 51-70,period_2 player_786917355 team_5,False
2834770451,7.0,42.0,559,True,2nd 11:46:00 : made by Gicarri Harris(Purdue) 51-72,period_2 player_786917347 team_559,False
2834770460,85.0,93.0,5,False,2nd 11:23:00 : missed by Tavari Johnson(Akron) 51-72,period_2 player_786917360 team_5,False
2834770462,8.0,45.0,559,True,2nd 11:15:00 : made by Oscar Cluff(Purdue) 51-74,period_2 player_786917345 team_559,False
2834770464,94.0,11.0,5,False,2nd 11:03:00 : missed by Amani Lyles(Akron) 51-74,period_2 player_786917359 team_5,False
2834770474,30.0,67.0,559,False,2nd 10:37:00 : missed by Gicarri Harris(Purdue) 53-74,period_2 player_786917347 team_559,False
2834770476,11.0,46.0,559,True,2nd 10:33:00 : made by Oscar Cluff(Purdue) 53-76,period_2 player_786917345 team_559,False
2834770477,93.0,79.0,5,True,2nd 10:05:00 : made by Shammah Scott(Akron) 55-76,period_2 player_786917355 team_5,False
2834770482,8.0,48.0,559,True,2nd 09:21:00 : made by Omer Mayer(Purdue) 55-78,period_2 player_786917352 team_559,False
2834770483,71.0,77.0,5,False,2nd 09:15:00 : missed by Shammah Scott(Akron) 55-78,period_2 player_786917355 team_5,False
2834770485,10.0,47.0,559,True,2nd 09:04:00 : made by Oscar Cluff(Purdue) 55-80,period_2 player_786917345 team_559,False
2834770494,92.0,57.0,5,True,2nd 08:56:00 : made by Evan Mahaffey(Akron) 57-80,period_2 player_786917357 team_5,False
2834770498,32.0,48.0,559,False,2nd 08:38:00 : missed by Omer Mayer(Purdue) 58-80,period_2 player_786917352 team_559,False
2834770500,11.0,51.0,559,True,2nd 08:34:00 : made by Oscar Cluff(Purdue) 58-82,period_2 player_786917345 team_559,False
2834770501,92.0,43.0,5,True,2nd 08:19:00 : made by Eric Mahaffey(Akron) 60-82,period_2 player_786917365 team_5,False
2834770503,9.0,54.0,559,False,2nd 07:55:00 : missed by Omer Mayer(Purdue) 60-82,period_2 player_786917352 team_559,False
2834770505,90.0,30.0,5,False,2nd 07:45:00 : missed by Tavari Johnson(Akron) 60-82,period_2 player_786917360 team_5,False
2834770507,92.0,44.0,5,True,2nd 07:41:00 : made by Tavari Johnson(Akron) 62-82,period_2 player_786917360 team_5,False
2834770510,69.0,30.0,5,False,2nd 07:13:00 : missed by Tavari Johnson(Akron) 62-82,period_2 player_786917360 team_5,False
2834770512,32.0,45.0,559,False,2nd 06:56:00 : missed by Jack Benter(Purdue) 62-82,period_2 player_786917348 team_559,False
2834770527,5.0,4.0,559,True,2nd 06:51:00 : made by Omer Mayer(Purdue) 62-85,period_2 player_786917352 team_559,False
2834770529,72.0,14.0,5,False,2nd 06:44:00 : missed by Sharron Young(Akron) 62-85,period_2 player_786917364 team_5,False
2834770531,9.0,68.0,559,True,2nd 06:28:00 : made by Trey Kaufman-Renn(Purdue) 62-87,period_2 player_786917341 team_559,False
2834770533,92.0,96.0,5,False,2nd 06:12:00 : missed by Sharron Young(Akron) 62-87,period_2 player_786917364 team_5,False
2834770535,32.0,62.0,559,False,2nd 06:01:00 : missed by Fletcher Loyer(Purdue) 62-87,period_2 player_786917342 team_559,False
2834770548,8.0,49.0,559,True,2nd 05:29:00 : made by Daniel Jacobsen(Purdue) 63-89,period_2 player_786917350 team_559,False
2834770550,68.0,47.0,5,False,2nd 05:17:00 : missed by Evan Mahaffey(Akron) 63-89,period_2 player_786917357 team_5,False
2834770552,91.0,59.0,5,False,2nd 05:13:00 : missed by Sharron Young(Akron) 63-89,period_2 player_786917364 team_5,False
2834770555,92.0,55.0,5,True,2nd 05:13:00 : made by Evan Mahaffey(Akron) 65-89,period_2 player_786917357 team_5,False
2834770557,19.0,6.0,559,False,2nd 04:48:00 : missed by Braden Smith(Purdue) 65-89,period_2 player_786917343 team_559,False
2834770559,31.0,46.0,559,False,2nd 04:43:00 : missed by Fletcher Loyer(Purdue) 65-89,period_2 player_786917342 team_559,False
2834770569,9.0,49.0,559,True,2nd 04:19:00 : made by Daniel Jacobsen(Purdue) 67-91,period_2 player_786917350 team_559,False
2834770571,94.0,4.0,5,True,2nd 04:05:00 : made by Sharron Young(Akron) 70-91,period_2 player_786917364 team_5,False
2834770586,28.0,77.0,559,False,2nd 03:23:00 : missed by Omer Mayer(Purdue) 70-93,period_2 player_786917352 team_559,False
2834770598,93.0,66.0,5,False,2nd 02:47:00 : missed by Sharron Young(Akron) 70-95,period_2 player_786917364 team_5,False
2834770606,90.0,53.0,5,False,2nd 02:43:00 : missed by Zach Halligan(Akron) 71-95,period_2 player_786917362 team_5,False
2834770609,88.0,4.0,5,True,2nd 02:34:00 : made by Sharron Young(Akron) 74-95,period_2 player_786917364 team_5,False
2834770611,22.0,89.0,559,False,2nd 02:09:00 : missed by Omer Mayer(Purdue) 74-95,period_2 player_786917352 team_559,False
2834770613,85.0,49.0,5,False,2nd 01:55:00 : missed by Halil Barre(Akron) 74-95,period_2 player_786917356 team_5,False
2834770618,25.0,37.0,559,False,2nd 01:27:00 : missed by Jack Benter(Purdue) 74-95,period_2 player_786917348 team_559,False
2834770634,9.0,44.0,559,True,2nd 01:01:00 : made by Aaron Fine(Purdue) 76-97,period_2 player_786917351 team_559,False
2834770635,79.0,88.0,5,True,2nd 00:46:40 : made by Ognjen Stankovic(Akron) 79-97,period_2 player_786917367 team_5,False
2834770638,67.0,60.0,5,False,2nd 00:07:70 : missed by Ognjen Stankovic(Akron) 79-97,period_2 player_786917367 team_5,False
2839266714,27.0,83.0,404,True,1st 19:50:00 : made by Dug McDaniel(Memphis) 3-0,period_1 player_787259942 team_404,False
2839266716,86.0,52.0,559,True,1st 19:25:00 : made by Trey Kaufman-Renn(Purdue) 3-2,period_1 player_787259929 team_559,False
2839266717,28.0,72.0,404,False,1st 19:02:00 : missed by Dug McDaniel(Memphis) 3-2,period_1 player_787259942 team_404,False
2839266719,77.0,37.0,559,False,1st 18:50:00 : missed by Trey Kaufman-Renn(Purdue) 3-2,period_1 player_787259929 team_559,False
2839266721,31.0,69.0,404,True,1st 18:43:00 : made by Zach Davis(Memphis) 6-2,period_1 player_787259943 team_404,False
2839266723,86.0,54.0,559,True,1st 18:15:00 : made by Oscar Cluff(Purdue) 6-4,period_1 player_787259937 team_559,False
2839266726,71.0,27.0,559,False,1st 17:32:00 : missed by Braden Smith(Purdue) 6-4,period_1 player_787259931 team_559,False
2839266731,10.0,43.0,404,True,1st 17:14:00 : made by Aaron Bradshaw(Memphis) 8-4,period_1 player_787259947 team_404,False
2839266733,69.0,29.0,559,False,1st 16:49:00 : missed by Fletcher Loyer(Purdue) 8-4,period_1 player_787259930 team_559,False
2839266737,28.0,25.0,404,True,1st 16:34:00 : made by Ashton Hardaway(Memphis) 11-4,period_1 player_787259945 team_404,False
2839266738,68.0,60.0,559,False,1st 16:07:00 : missed by C.J. Cox(Purdue) 11-4,period_1 player_787259934 team_559,False
2839266749,77.0,87.0,559,False,1st 15:53:00 : missed by Fletcher Loyer(Purdue) 11-4,period_1 player_787259930 team_559,False
2839266751,18.0,31.0,404,False,1st 15:30:00 : missed by Dug McDaniel(Memphis) 11-4,period_1 player_787259942 team_404,False
2839266753,6.0,50.0,404,True,1st 15:27:00 : made by Simon Majok(Memphis) 13-4,period_1 player_787259950 team_404,False
2839266754,89.0,42.0,559,True,1st 15:05:00 : made by Trey Kaufman-Renn(Purdue) 13-6,period_1 player_787259929 team_559,False
2839266755,31.0,28.0,404,False,1st 14:41:00 : missed by Ashton Hardaway(Memphis) 13-6,period_1 player_787259945 team_404,False
2839266757,82.0,42.0,559,False,1st 14:19:00 : missed by Fletcher Loyer(Purdue) 13-6,period_1 player_787259930 team_559,False
2839266759,94.0,50.0,559,True,1st 14:15:00 : made by Trey Kaufman-Renn(Purdue) 13-8,period_1 player_787259929 team_559,False
2839266760,16.0,51.0,404,False,1st 13:57:00 : missed by Dug McDaniel(Memphis) 13-8,period_1 player_787259942 team_404,False
2839266762,86.0,57.0,559,False,1st 13:46:00 : missed by Braden Smith(Purdue) 13-8,period_1 player_787259931 team_559,False
2839266765,9.0,46.0,404,True,1st 13:30:00 : made by Simon Majok(Memphis) 15-8,period_1 player_787259950 team_404,False
2839266779,91.0,44.0,559,True,1st 13:23:00 : made by Daniel Jacobsen(Purdue) 16-10,period_1 player_787259935 team_559,False
2839266781,25.0,61.0,404,False,1st 12:59:00 : missed by Sincere Parker(Memphis) 16-10,period_1 player_787259944 team_404,False
2839266783,69.0,62.0,559,True,1st 12:48:00 : made by Omer Mayer(Purdue) 16-13,period_1 player_787259936 team_559,False
2839266788,14.0,39.0,404,False,1st 12:22:00 : missed by Simon Majok(Memphis) 16-13,period_1 player_787259950 team_404,False
2839266796,86.0,42.0,559,True,1st 11:51:00 : made by Trey Kaufman-Renn(Purdue) 18-15,period_1 player_787259929 team_559,False
2839266800,11.0,57.0,404,False,1st 11:27:00 : missed by Tariq Ingraham(Memphis) 18-15,period_1 player_787259940 team_404,False
2839266803,86.0,51.0,559,False,1st 11:21:00 : missed by Gicarri Harris(Purdue) 18-15,period_1 player_787259932 team_559,False
2839266807,89.0,39.0,559,False,1st 11:08:00 : missed by Omer Mayer(Purdue) 18-15,period_1 player_787259936 team_559,False
2839266810,87.0,47.0,559,True,1st 11:07:00 : made by Oscar Cluff(Purdue) 18-17,period_1 player_787259937 team_559,False
2839266812,28.0,21.0,404,False,1st 10:54:00 : missed by Zach Davis(Memphis) 18-17,period_1 player_787259943 team_404,False
2839266814,69.0,67.0,559,False,1st 10:45:00 : missed by Jack Benter(Purdue) 18-17,period_1 player_787259933 team_559,False
2839266816,13.0,44.0,404,False,1st 10:31:00 : missed by Tariq Ingraham(Memphis) 18-17,period_1 player_787259940 team_404,False
2839266819,66.0,40.0,559,False,1st 10:21:00 : missed by Fletcher Loyer(Purdue) 18-17,period_1 player_787259930 team_559,False
2839266821,28.0,49.0,404,False,1st 10:05:00 : missed by Curtis Givens III(Memphis) 18-17,period_1 player_787259948 team_404,False
2839266836,67.0,64.0,559,False,1st 09:31:00 : missed by Omer Mayer(Purdue) 18-17,period_1 player_787259936 team_559,False
2839266849,83.0,6.0,559,False,1st 08:48:00 : missed by Fletcher Loyer(Purdue) 18-19,period_1 player_787259930 team_559,False
2839266851,94.0,50.0,559,True,1st 08:43:00 : made by C.J. Cox(Purdue) 18-21,period_1 player_787259934 team_559,False
2839266852,30.0,33.0,404,False,1st 08:18:00 : missed by Simon Majok(Memphis) 18-21,period_1 player_787259950 team_404,False
2839266866,13.0,51.0,404,False,1st 07:03:00 : missed by Aaron Bradshaw(Memphis) 18-21,period_1 player_787259947 team_404,False
2839266869,6.0,50.0,404,True,1st 06:57:00 : made by Tariq Ingraham(Memphis) 20-21,period_1 player_787259940 team_404,False
2839266873,69.0,74.0,559,False,1st 06:28:00 : missed by Braden Smith(Purdue) 20-23,period_1 player_787259931 team_559,False
2839266875,31.0,28.0,404,False,1st 06:17:00 : missed by Tariq Ingraham(Memphis) 20-23,period_1 player_787259940 team_404,False
2839266879,86.0,56.0,559,True,1st 06:01:00 : made by Trey Kaufman-Renn(Purdue) 20-25,period_1 player_787259929 team_559,False
2839266893,91.0,97.0,559,True,1st 05:25:00 : made by C.J. Cox(Purdue) 21-28,period_1 player_787259934 team_559,False
2839266895,16.0,42.0,404,False,1st 05:00:00 : missed by Sincere Parker(Memphis) 21-28,period_1 player_787259944 team_404,False
2839266897,6.0,50.0,404,True,1st 04:57:00 : made by Tariq Ingraham(Memphis) 23-28,period_1 player_787259940 team_404,False
2839266898,83.0,43.0,559,True,1st 04:31:00 : made by Braden Smith(Purdue) 23-30,period_1 player_787259931 team_559,False
2839266899,14.0,37.0,404,False,1st 04:15:00 : missed by Sincere Parker(Memphis) 23-30,period_1 player_787259944 team_404,False
2839266901,6.0,50.0,404,True,1st 04:12:00 : made by Sincere Parker(Memphis) 25-30,period_1 player_787259944 team_404,False
2839266902,88.0,54.0,559,False,1st 03:48:00 : missed by Braden Smith(Purdue) 25-30,period_1 player_787259931 team_559,False
2839266907,14.0,58.0,404,False,1st 03:24:00 : missed by Sincere Parker(Memphis) 25-30,period_1 player_787259944 team_404,False
2839266909,72.0,19.0,559,False,1st 03:17:00 : missed by Braden Smith(Purdue) 25-30,period_1 player_787259931 team_559,False
2839266914,12.0,40.0,404,False,1st 02:50:00 : missed by Dug McDaniel(Memphis) 25-30,period_1 player_787259942 team_404,False
2839266918,11.0,50.0,404,True,1st 02:22:00 : made by Sincere Parker(Memphis) 27-30,period_1 player_787259944 team_404,False
2839266920,87.0,55.0,559,False,1st 02:02:00 : missed by Braden Smith(Purdue) 27-30,period_1 player_787259931 team_559,False
2839266922,88.0,45.0,559,False,1st 01:58:00 : missed by Trey Kaufman-Renn(Purdue) 27-30,period_1 player_787259929 team_559,False
2839266924,15.0,57.0,404,True,1st 01:51:00 : made by Dug McDaniel(Memphis) 29-30,period_1 player_787259942 team_404,False
2839266925,91.0,72.0,559,False,1st 01:19:00 : missed by Omer Mayer(Purdue) 29-30,period_1 player_787259936 team_559,False
2839266933,29.0,26.0,404,False,1st 00:56:40 : missed by Zach Davis(Memphis) 29-30,period_1 player_787259943 team_404,False
2839266948,77.0,12.0,559,True,1st 00:30:50 : made by Omer Mayer(Purdue) 33-33,period_1 player_787259936 team_559,False
2839266958,66.0,44.0,559,True,1st 00:01:70 : made by Braden Smith(Purdue) 35-36,period_1 player_787259931 team_559,False
2839266967,76.0,15.0,404,True,2nd 19:45:00 : made by Aaron Bradshaw(Memphis) 38-36,period_2 player_787259947 team_404,False
2839266977,84.0,45.0,404,True,2nd 19:02:00 : made by Zach Davis(Memphis) 40-36,period_2 player_787259943 team_404,False
2839266980,18.0,6.0,559,True,2nd 18:30:00 : made by C.J. Cox(Purdue) 40-39,period_2 player_787259934 team_559,False
2839266982,86.0,58.0,404,False,2nd 18:00:00 : missed by Simon Majok(Memphis) 40-39,period_2 player_787259950 team_404,False
2839266984,29.0,19.0,559,True,2nd 17:55:00 : made by Fletcher Loyer(Purdue) 40-42,period_2 player_787259930 team_559,False
2839266986,79.0,29.0,404,True,2nd 17:38:00 : made by Dug McDaniel(Memphis) 42-42,period_2 player_787259942 team_404,False
2839266988,19.0,47.0,559,False,2nd 17:19:00 : missed by Fletcher Loyer(Purdue) 42-42,period_2 player_787259930 team_559,False
2839266999,10.0,3.0,559,True,2nd 16:49:00 : made by C.J. Cox(Purdue) 44-45,period_2 player_787259934 team_559,False
2839267004,13.0,42.0,559,False,2nd 16:08:00 : missed by Braden Smith(Purdue) 44-45,period_2 player_787259931 team_559,False
2839267008,34.0,44.0,559,False,2nd 15:38:00 : missed by Braden Smith(Purdue) 44-45,period_2 player_787259931 team_559,False
2839267014,67.0,50.0,404,False,2nd 15:18:00 : missed by Tariq Ingraham(Memphis) 44-45,period_2 player_787259940 team_404,False
2839267016,31.0,29.0,559,True,2nd 14:59:00 : made by Fletcher Loyer(Purdue) 44-48,period_2 player_787259930 team_559,False
2839267026,10.0,45.0,559,True,2nd 14:17:00 : made by Jack Benter(Purdue) 44-50,period_2 player_787259933 team_559,False
2839267028,88.0,55.0,404,True,2nd 13:50:00 : made by Sincere Parker(Memphis) 46-50,period_2 player_787259944 team_404,False
2839267029,7.0,39.0,559,True,2nd 13:28:00 : made by Fletcher Loyer(Purdue) 46-52,period_2 player_787259930 team_559,False
2839267031,84.0,24.0,404,True,2nd 12:58:00 : made by Ashton Hardaway(Memphis) 48-52,period_2 player_787259945 team_404,False
2839267032,32.0,36.0,559,True,2nd 12:36:00 : made by Fletcher Loyer(Purdue) 48-55,period_2 player_787259930 team_559,False
2839267043,91.0,48.0,404,True,2nd 12:14:00 : made by Tariq Ingraham(Memphis) 50-55,period_2 player_787259940 team_404,False
2839267045,10.0,42.0,559,True,2nd 11:51:00 : made by Daniel Jacobsen(Purdue) 50-57,period_2 player_787259935 team_559,False
2839267047,90.0,43.0,404,True,2nd 11:38:00 : made by Julius Thedford(Memphis) 52-57,period_2 player_787259949 team_404,False
2839267049,10.0,56.0,559,True,2nd 11:22:00 : made by Daniel Jacobsen(Purdue) 52-59,period_2 player_787259935 team_559,False
2839267051,77.0,48.0,404,False,2nd 11:03:00 : missed by Dug McDaniel(Memphis) 52-59,period_2 player_787259942 team_404,False
2839267064,90.0,40.0,404,True,2nd 10:46:00 : made by Dug McDaniel(Memphis) 54-59,period_2 player_787259942 team_404,False
2839267070,13.0,49.0,559,False,2nd 10:16:00 : missed by Braden Smith(Purdue) 55-59,period_2 player_787259931 team_559,False
2839267072,31.0,25.0,559,False,2nd 10:11:00 : missed by Omer Mayer(Purdue) 55-59,period_2 player_787259936 team_559,False
2839267074,89.0,49.0,404,True,2nd 10:03:00 : made by Aaron Bradshaw(Memphis) 57-59,period_2 player_787259947 team_404,False
2839267076,31.0,24.0,559,False,2nd 09:40:00 : missed by Omer Mayer(Purdue) 57-59,period_2 player_787259936 team_559,False
2839267080,83.0,50.0,404,True,2nd 09:20:00 : made by Ashton Hardaway(Memphis) 59-59,period_2 player_787259945 team_404,False
2839267086,33.0,58.0,559,False,2nd 08:55:00 : missed by C.J. Cox(Purdue) 59-59,period_2 player_787259934 team_559,False
2839267088,87.0,51.0,404,True,2nd 08:47:00 : made by Dug McDaniel(Memphis) 61-59,period_2 player_787259942 team_404,False
2839267089,31.0,30.0,559,False,2nd 08:24:00 : missed by Omer Mayer(Purdue) 61-59,period_2 player_787259936 team_559,False
2839267095,17.0,43.0,559,False,2nd 08:03:00 : missed by Omer Mayer(Purdue) 61-59,period_2 player_787259936 team_559,False
2839267106,17.0,6.0,559,False,2nd 07:31:00 : missed by Fletcher Loyer(Purdue) 61-61,period_2 player_787259930 team_559,False
2839267108,87.0,41.0,404,False,2nd 07:26:00 : missed by Dug McDaniel(Memphis) 61-61,period_2 player_787259942 team_404,False
2839267117,32.0,26.0,559,False,2nd 07:05:00 : missed by Fletcher Loyer(Purdue) 62-61,period_2 player_787259930 team_559,False
2839267119,90.0,55.0,404,True,2nd 07:01:00 : made by Sincere Parker(Memphis) 64-61,period_2 player_787259944 team_404,False
2839267124,19.0,57.0,559,True,2nd 06:37:00 : made by Trey Kaufman-Renn(Purdue) 64-63,period_2 player_787259929 team_559,False
2839267126,69.0,34.0,404,False,2nd 06:09:00 : missed by Curtis Givens III(Memphis) 64-63,period_2 player_787259948 team_404,False
2839267128,13.0,71.0,559,False,2nd 06:00:00 : missed by Braden Smith(Purdue) 64-63,period_2 player_787259931 team_559,False
2839267132,15.0,50.0,559,False,2nd 05:47:00 : missed by Trey Kaufman-Renn(Purdue) 64-63,period_2 player_787259929 team_559,False
2839267136,12.0,57.0,559,True,2nd 05:40:00 : made by C.J. Cox(Purdue) 64-65,period_2 player_787259934 team_559,False
2839267139,65.0,58.0,404,False,2nd 05:23:00 : missed by Dug McDaniel(Memphis) 64-65,period_2 player_787259942 team_404,False
2839267141,29.0,73.0,559,True,2nd 05:15:00 : made by C.J. Cox(Purdue) 64-68,period_2 player_787259934 team_559,False
2839267143,86.0,56.0,404,False,2nd 04:50:00 : missed by Sincere Parker(Memphis) 64-68,period_2 player_787259944 team_404,False
2839267145,69.0,24.0,404,False,2nd 04:44:00 : missed by Dug McDaniel(Memphis) 64-68,period_2 player_787259942 team_404,False
2839267147,85.0,30.0,404,False,2nd 04:24:00 : missed by Ashton Hardaway(Memphis) 64-68,period_2 player_787259945 team_404,False
2839267153,12.0,41.0,559,True,2nd 04:00:00 : made by Fletcher Loyer(Purdue) 64-70,period_2 player_787259930 team_559,False
2839267156,82.0,28.0,404,False,2nd 03:44:00 : missed by Sincere Parker(Memphis) 64-70,period_2 player_787259944 team_404,False
2839267158,32.0,44.0,559,True,2nd 03:27:00 : made by Fletcher Loyer(Purdue) 64-73,period_2 player_787259930 team_559,False
2839267160,90.0,95.0,404,False,2nd 03:11:00 : missed by Ashton Hardaway(Memphis) 64-73,period_2 player_787259945 team_404,False
2839267171,33.0,47.0,559,False,2nd 02:46:00 : missed by C.J. Cox(Purdue) 65-73,period_2 player_787259934 team_559,False
2839267173,32.0,61.0,559,False,2nd 02:32:00 : missed by Braden Smith(Purdue) 65-73,period_2 player_787259931 team_559,False
2839267175,74.0,18.0,404,False,2nd 02:20:00 : missed by Quante Berry(Memphis) 65-73,period_2 player_787259941 team_404,False
2839267186,13.0,45.0,559,True,2nd 01:57:00 : made by Oscar Cluff(Purdue) 66-75,period_2 player_787259937 team_559,False
2839267213,86.0,56.0,404,True,2nd 01:19:00 : made by Dug McDaniel(Memphis) 69-76,period_2 player_787259942 team_404,False
2839267217,17.0,44.0,559,False,2nd 00:54:10 : missed by Braden Smith(Purdue) 69-76,period_2 player_787259931 team_559,False
2839267219,69.0,73.0,404,False,2nd 00:47:80 : missed by Zach Davis(Memphis) 69-76,period_2 player_787259943 team_404,False
2839267221,71.0,17.0,404,False,2nd 00:36:20 : missed by Quante Berry(Memphis) 69-76,period_2 player_787259941 team_404,False
2839267223,89.0,68.0,404,False,2nd 00:31:90 : missed by Julius Thedford(Memphis) 69-76,period_2 player_787259949 team_404,False
2839267227,13.0,43.0,559,True,2nd 00:23:50 : made by C.J. Cox(Purdue) 69-78,period_2 player_787259934 team_559,False
2839267229,87.0,43.0,404,True,2nd 00:18:70 : made by Dug McDaniel(Memphis) 71-78,period_2 player_787259942 team_404,False
2839267241,70.0,36.0,404,False,2nd 00:12:20 : missed by Sincere Parker(Memphis) 71-78,period_2 player_787259944 team_404,False
2837816703,30.0,65.0,700,False,1st 19:42:00 : missed by Christian Anderson(Texas Tech) 0-0,period_1 player_787150373 team_700,False
2837816705,88.0,43.0,559,False,1st 19:37:00 : missed by C.J. Cox(Purdue) 0-0,period_1 player_787150361 team_559,False
2837816707,32.0,61.0,700,False,1st 19:19:00 : missed by JT Toppin(Texas Tech) 0-0,period_1 player_787150371 team_700,False
2837816709,89.0,25.0,559,True,1st 19:07:00 : made by Trey Kaufman-Renn(Purdue) 0-2,period_1 player_787150353 team_559,False
2837816711,29.0,26.0,700,False,1st 18:45:00 : missed by JT Toppin(Texas Tech) 0-2,period_1 player_787150371 team_700,False
2837816713,79.0,41.0,559,False,1st 18:18:00 : missed by Braden Smith(Purdue) 0-2,period_1 player_787150355 team_559,False
2837816723,86.0,46.0,559,False,1st 17:38:00 : missed by Fletcher Loyer(Purdue) 0-2,period_1 player_787150354 team_559,False
2837816725,94.0,50.0,559,False,1st 17:33:00 : missed by Trey Kaufman-Renn(Purdue) 0-2,period_1 player_787150353 team_559,False
2837816727,14.0,58.0,700,True,1st 17:22:00 : made by JT Toppin(Texas Tech) 2-2,period_1 player_787150371 team_700,False
2837816731,80.0,26.0,559,True,1st 16:45:00 : made by C.J. Cox(Purdue) 2-4,period_1 player_787150361 team_559,False
2837816732,18.0,93.0,700,True,1st 16:23:00 : made by Donovan Atwell(Texas Tech) 5-4,period_1 player_787150368 team_700,False
2837816734,82.0,68.0,559,True,1st 16:06:00 : made by C.J. Cox(Purdue) 5-6,period_1 player_787150361 team_559,False
2837816735,18.0,49.0,700,False,1st 15:48:00 : missed by JT Toppin(Texas Tech) 5-6,period_1 player_787150371 team_700,False
2837816737,86.0,71.0,559,True,1st 15:37:00 : made by Braden Smith(Purdue) 5-8,period_1 player_787150355 team_559,False
2837816738,11.0,60.0,700,False,1st 15:22:00 : missed by JT Toppin(Texas Tech) 5-8,period_1 player_787150371 team_700,False
2837816747,28.0,77.0,700,False,1st 14:58:00 : missed by Jaylen Petty(Texas Tech) 5-10,period_1 player_787150376 team_700,False
2837816749,32.0,67.0,700,True,1st 14:53:00 : made by Donovan Atwell(Texas Tech) 8-10,period_1 player_787150368 team_700,False
2837816751,70.0,74.0,559,True,1st 14:28:00 : made by C.J. Cox(Purdue) 8-13,period_1 player_787150361 team_559,False
2837816753,27.0,81.0,700,True,1st 14:03:00 : made by Donovan Atwell(Texas Tech) 11-13,period_1 player_787150368 team_700,False
2837816759,25.0,14.0,700,False,1st 13:36:00 : missed by Christian Anderson(Texas Tech) 11-13,period_1 player_787150373 team_700,False
2837816761,86.0,55.0,559,True,1st 13:20:00 : made by Trey Kaufman-Renn(Purdue) 11-15,period_1 player_787150353 team_559,False
2837816772,30.0,31.0,700,True,1st 13:02:00 : made by Jaylen Petty(Texas Tech) 14-15,period_1 player_787150376 team_700,False
2837816773,77.0,41.0,559,False,1st 12:41:00 : missed by Trey Kaufman-Renn(Purdue) 14-15,period_1 player_787150353 team_559,False
2837816775,32.0,41.0,700,False,1st 12:33:00 : missed by Jaylen Petty(Texas Tech) 14-15,period_1 player_787150376 team_700,False
2837816777,89.0,56.0,559,False,1st 12:17:00 : missed by Braden Smith(Purdue) 14-15,period_1 player_787150355 team_559,False
2837816790,92.0,49.0,559,True,1st 11:43:00 : made by Oscar Cluff(Purdue) 15-17,period_1 player_787150357 team_559,False
2837816792,33.0,57.0,700,True,1st 11:28:00 : made by Christian Anderson(Texas Tech) 18-17,period_1 player_787150373 team_700,False
2837816800,86.0,42.0,559,False,1st 10:50:00 : missed by C.J. Cox(Purdue) 18-17,period_1 player_787150361 team_559,False
2837816803,71.0,23.0,559,True,1st 10:42:00 : made by Omer Mayer(Purdue) 18-20,period_1 player_787150364 team_559,False
2837816808,89.0,41.0,559,False,1st 10:04:00 : missed by Gicarri Harris(Purdue) 18-20,period_1 player_787150359 team_559,False
2837816810,94.0,50.0,559,False,1st 10:00:00 : missed by Oscar Cluff(Purdue) 18-20,period_1 player_787150357 team_559,False
2837816815,68.0,44.0,559,False,1st 09:45:00 : missed by C.J. Cox(Purdue) 18-20,period_1 player_787150361 team_559,False
2837816825,30.0,29.0,700,False,1st 09:32:00 : missed by Jaylen Petty(Texas Tech) 18-20,period_1 player_787150376 team_700,False
2837816827,6.0,50.0,700,True,1st 09:28:00 : made by JT Toppin(Texas Tech) 20-20,period_1 player_787150371 team_700,False
2837816828,76.0,57.0,559,True,1st 09:14:00 : made by Fletcher Loyer(Purdue) 20-22,period_1 player_787150354 team_559,False
2837816830,30.0,74.0,700,False,1st 08:45:00 : missed by Donovan Atwell(Texas Tech) 20-22,period_1 player_787150368 team_700,False
2837816832,88.0,22.0,559,True,1st 08:32:00 : made by Omer Mayer(Purdue) 20-24,period_1 player_787150364 team_559,False
2837816833,22.0,9.0,700,False,1st 08:17:00 : missed by JT Toppin(Texas Tech) 20-24,period_1 player_787150371 team_700,False
2837816841,31.0,24.0,700,False,1st 07:49:00 : missed by Donovan Atwell(Texas Tech) 20-24,period_1 player_787150368 team_700,False
2837816843,71.0,28.0,559,False,1st 07:35:00 : missed by Fletcher Loyer(Purdue) 20-24,period_1 player_787150354 team_559,False
2837816845,88.0,55.0,559,True,1st 07:22:00 : made by Trey Kaufman-Renn(Purdue) 20-26,period_1 player_787150353 team_559,False
2837816849,32.0,63.0,700,True,1st 07:05:00 : made by Christian Anderson(Texas Tech) 23-26,period_1 player_787150373 team_700,False
2837816850,69.0,61.0,559,True,1st 06:36:00 : made by Braden Smith(Purdue) 23-29,period_1 player_787150355 team_559,False
2837816851,28.0,20.0,700,False,1st 06:13:00 : missed by Christian Anderson(Texas Tech) 23-29,period_1 player_787150373 team_700,False
2837816853,87.0,48.0,559,True,1st 06:00:00 : made by Daniel Jacobsen(Purdue) 23-31,period_1 player_787150362 team_559,False
2837816855,11.0,70.0,700,False,1st 05:40:00 : missed by Christian Anderson(Texas Tech) 23-31,period_1 player_787150373 team_700,False
2837816857,76.0,82.0,559,True,1st 05:27:00 : made by C.J. Cox(Purdue) 23-34,period_1 player_787150361 team_559,False
2837816865,68.0,34.0,559,True,1st 04:39:00 : made by Fletcher Loyer(Purdue) 23-37,period_1 player_787150354 team_559,False
2837816867,28.0,23.0,700,False,1st 04:20:00 : missed by Jaylen Petty(Texas Tech) 23-37,period_1 player_787150376 team_700,False
2837816871,73.0,18.0,559,True,1st 04:02:00 : made by Fletcher Loyer(Purdue) 23-40,period_1 player_787150354 team_559,False
2837816875,84.0,50.0,559,True,1st 03:22:00 : made by Trey Kaufman-Renn(Purdue) 23-42,period_1 player_787150353 team_559,False
2837816885,25.0,32.0,700,False,1st 02:19:00 : missed by Christian Anderson(Texas Tech) 23-42,period_1 player_787150373 team_700,False
2837816887,89.0,54.0,559,True,1st 02:00:00 : made by Jack Benter(Purdue) 23-44,period_1 player_787150360 team_559,False
2837816888,34.0,69.0,700,False,1st 01:44:00 : missed by Donovan Atwell(Texas Tech) 23-44,period_1 player_787150368 team_700,False
2837816890,87.0,54.0,559,True,1st 01:28:00 : made by Oscar Cluff(Purdue) 23-46,period_1 player_787150357 team_559,False
2837816900,34.0,63.0,700,True,1st 00:47:90 : made by Christian Anderson(Texas Tech) 26-46,period_1 player_787150373 team_700,False
2837816901,69.0,60.0,559,True,1st 00:05:00 : made by Braden Smith(Purdue) 26-49,period_1 player_787150355 team_559,False
2837816912,15.0,77.0,559,True,2nd 19:42:00 : made by Trey Kaufman-Renn(Purdue) 26-51,period_2 player_787150353 team_559,False
2837816914,69.0,65.0,700,False,2nd 19:25:00 : missed by Donovan Atwell(Texas Tech) 26-51,period_2 player_787150368 team_700,False
2837816916,27.0,17.0,559,False,2nd 19:05:00 : missed by Fletcher Loyer(Purdue) 26-51,period_2 player_787150354 team_559,False
2837816921,89.0,95.0,700,False,2nd 18:48:00 : missed by Tyeree Bryan(Texas Tech) 26-51,period_2 player_787150367 team_700,False
2837816923,26.0,63.0,559,False,2nd 18:33:00 : missed by C.J. Cox(Purdue) 26-51,period_2 player_787150361 team_559,False
2837816926,27.0,18.0,559,False,2nd 18:29:00 : missed by Fletcher Loyer(Purdue) 26-51,period_2 player_787150354 team_559,False
2837816928,6.0,50.0,559,True,2nd 18:23:00 : made by Oscar Cluff(Purdue) 26-53,period_2 player_787150357 team_559,False
2837816929,70.0,25.0,700,False,2nd 18:03:00 : missed by Christian Anderson(Texas Tech) 26-53,period_2 player_787150373 team_700,False
2837816935,17.0,29.0,559,False,2nd 17:54:00 : missed by Braden Smith(Purdue) 26-53,period_2 player_787150355 team_559,False
2837816937,11.0,43.0,559,False,2nd 17:43:00 : missed by Oscar Cluff(Purdue) 26-53,period_2 player_787150357 team_559,False
2837816945,72.0,18.0,700,False,2nd 17:14:00 : missed by Donovan Atwell(Texas Tech) 26-53,period_2 player_787150368 team_700,False
2837816947,8.0,50.0,559,True,2nd 16:56:00 : made by Oscar Cluff(Purdue) 26-55,period_2 player_787150357 team_559,False
2837816953,10.0,56.0,559,True,2nd 16:28:00 : made by Oscar Cluff(Purdue) 26-57,period_2 player_787150357 team_559,False
2837816961,17.0,43.0,559,False,2nd 15:21:00 : missed by Fletcher Loyer(Purdue) 26-57,period_2 player_787150354 team_559,False
2837816963,69.0,16.0,700,False,2nd 15:08:00 : missed by Donovan Atwell(Texas Tech) 26-57,period_2 player_787150368 team_700,False
2837816979,86.0,49.0,700,False,2nd 14:33:00 : missed by JT Toppin(Texas Tech) 26-57,period_2 player_787150371 team_700,False
2837816981,94.0,50.0,700,True,2nd 14:29:00 : made by JT Toppin(Texas Tech) 28-57,period_2 player_787150371 team_700,False
2837816984,67.0,35.0,700,False,2nd 14:08:00 : missed by Christian Anderson(Texas Tech) 28-57,period_2 player_787150373 team_700,False
2837816986,94.0,50.0,700,True,2nd 14:06:00 : made by JT Toppin(Texas Tech) 30-57,period_2 player_787150371 team_700,False
2837816995,24.0,47.0,559,False,2nd 13:39:00 : missed by Gicarri Harris(Purdue) 30-57,period_2 player_787150359 team_559,False
2837817010,86.0,54.0,700,False,2nd 12:45:00 : missed by JT Toppin(Texas Tech) 31-59,period_2 player_787150371 team_700,False
2837817012,12.0,56.0,559,True,2nd 12:33:00 : made by Braden Smith(Purdue) 31-61,period_2 player_787150355 team_559,False
2837817013,86.0,45.0,700,True,2nd 12:12:00 : made by Leon Horner(Texas Tech) 33-61,period_2 player_787150374 team_700,False
2837817018,14.0,41.0,559,False,2nd 11:49:00 : missed by Gicarri Harris(Purdue) 34-61,period_2 player_787150359 team_559,False
2837817020,83.0,56.0,700,True,2nd 11:31:00 : made by JT Toppin(Texas Tech) 36-61,period_2 player_787150371 team_700,False
2837817025,11.0,57.0,559,True,2nd 11:05:00 : made by Omer Mayer(Purdue) 36-63,period_2 player_787150364 team_559,False
2837817027,87.0,56.0,700,True,2nd 10:38:00 : made by Christian Anderson(Texas Tech) 38-63,period_2 player_787150373 team_700,False
2837817028,19.0,54.0,559,True,2nd 10:14:00 : made by Omer Mayer(Purdue) 38-65,period_2 player_787150364 team_559,False
2837817029,85.0,44.0,700,True,2nd 10:00:00 : made by JT Toppin(Texas Tech) 40-65,period_2 player_787150371 team_700,False
2837817031,32.0,66.0,559,False,2nd 09:41:00 : missed by Omer Mayer(Purdue) 40-65,period_2 player_787150364 team_559,False
2837817033,89.0,5.0,700,False,2nd 09:25:00 : missed by Tyeree Bryan(Texas Tech) 40-65,period_2 player_787150367 team_700,False
2837817055,13.0,44.0,559,True,2nd 08:20:00 : made by Oscar Cluff(Purdue) 41-70,period_2 player_787150357 team_559,False
2837817057,69.0,28.0,700,False,2nd 07:58:00 : missed by Christian Anderson(Texas Tech) 41-70,period_2 player_787150373 team_700,False
2837817072,25.0,62.0,559,False,2nd 07:09:00 : missed by Omer Mayer(Purdue) 42-70,period_2 player_787150364 team_559,False
2837817074,66.0,47.0,700,False,2nd 06:59:00 : missed by Jaylen Petty(Texas Tech) 42-70,period_2 player_787150376 team_700,False
2837817078,13.0,55.0,559,False,2nd 06:39:00 : missed by Trey Kaufman-Renn(Purdue) 42-70,period_2 player_787150353 team_559,False
2837817081,10.0,43.0,559,True,2nd 06:30:00 : made by Gicarri Harris(Purdue) 42-72,period_2 player_787150359 team_559,False
2837817085,80.0,8.0,700,True,2nd 06:06:00 : made by Nolan Groves(Texas Tech) 45-72,period_2 player_787150375 team_700,False
2837817087,27.0,17.0,559,False,2nd 05:42:00 : missed by Omer Mayer(Purdue) 45-72,period_2 player_787150364 team_559,False
2837817091,90.0,42.0,700,True,2nd 05:31:00 : made by Christian Anderson(Texas Tech) 47-72,period_2 player_787150373 team_700,False
2837817092,15.0,48.0,559,True,2nd 05:07:00 : made by Trey Kaufman-Renn(Purdue) 47-74,period_2 player_787150353 team_559,False
2837817094,84.0,48.0,700,False,2nd 04:38:00 : missed by Christian Anderson(Texas Tech) 47-74,period_2 player_787150373 team_700,False
2837817104,70.0,72.0,700,False,2nd 04:26:00 : missed by Jaylen Petty(Texas Tech) 47-76,period_2 player_787150376 team_700,False
2837817106,69.0,21.0,700,False,2nd 04:20:00 : missed by Christian Anderson(Texas Tech) 47-76,period_2 player_787150373 team_700,False
2837817110,20.0,60.0,559,True,2nd 04:03:00 : made by Omer Mayer(Purdue) 47-78,period_2 player_787150364 team_559,False
2837817111,85.0,43.0,700,True,2nd 03:43:00 : made by Jaylen Petty(Texas Tech) 49-78,period_2 player_787150376 team_700,False
2837817112,7.0,95.0,559,True,2nd 03:23:00 : made by Daniel Jacobsen(Purdue) 49-81,period_2 player_787150362 team_559,False
2837817114,70.0,63.0,700,False,2nd 02:57:00 : missed by Jaylen Petty(Texas Tech) 49-81,period_2 player_787150376 team_700,False
2837817118,79.0,91.0,700,False,2nd 02:35:00 : missed by Nolan Groves(Texas Tech) 49-81,period_2 player_787150375 team_700,False
2837817131,91.0,55.0,700,False,2nd 01:59:00 : missed by Leon Horner(Texas Tech) 49-81,period_2 player_787150374 team_700,False
2837817134,94.0,50.0,700,False,2nd 01:53:00 : missed by Leon Horner(Texas Tech) 49-81,period_2 player_787150374 team_700,False
2837817137,87.0,48.0,700,False,2nd 01:51:00 : missed by Luke Bamgboye(Texas Tech) 49-81,period_2 player_787150372 team_700,False
2837817139,94.0,50.0,700,False,2nd 01:49:00 : missed by Leon Horner(Texas Tech) 49-81,period_2 player_787150374 team_700,False
2837817141,89.0,47.0,700,False,2nd 01:48:00 : missed by Luke Bamgboye(Texas Tech) 49-81,period_2 player_787150372 team_700,False
2837817143,16.0,48.0,559,False,2nd 01:20:00 : missed by Aaron Fine(Purdue) 49-81,period_2 player_787150363 team_559,False
2837817145,87.0,42.0,700,True,2nd 01:10:00 : made by Leon Horner(Texas Tech) 51-81,period_2 player_787150374 team_700,False
2837817151,19.0,48.0,559,True,2nd 00:54:00 : made by Daniel Jacobsen(Purdue) 51-83,period_2 player_787150362 team_559,False
2837817159,10.0,52.0,559,True,2nd 00:35:20 : made by Daniel Jacobsen(Purdue) 53-85,period_2 player_787150362 team_559,False
2837817161,87.0,41.0,700,False,2nd 00:27:80 : missed by Jaylen Petty(Texas Tech) 53-85,period_2 player_787150376 team_700,False
2837817169,83.0,43.0,700,False,2nd 00:09:40 : missed by Leon Horner(Texas Tech) 53-86,period_2 player_787150374 team_700,False
2837817171,94.0,50.0,700,True,2nd 00:08:40 : made by Luke Bamgboye(Texas Tech) 55-86,period_2 player_787150372 team_700,False
2840272018,78.0,86.0,559,False,1st 19:46:00 : missed by Braden Smith(Purdue) 0-0,period_1 player_787324249 team_559,False
2840272020,91.0,50.0,559,True,1st 19:33:00 : made by Oscar Cluff(Purdue) 0-2,period_1 player_787324251 team_559,False
2840272022,23.0,44.0,201,True,1st 19:18:00 : made by Andrew Austin(Eastern Ill.) 2-2,period_1 player_787324266 team_201,False
2840272026,5.0,95.0,201,True,1st 18:44:00 : made by Preston Turner(Eastern Ill.) 5-2,period_1 player_787324262 team_201,False
2840272032,32.0,55.0,201,False,1st 18:03:00 : missed by Andrew Austin(Eastern Ill.) 5-4,period_1 player_787324266 team_201,False
2840272034,93.0,4.0,559,True,1st 17:51:00 : made by C.J. Cox(Purdue) 5-7,period_1 player_787324255 team_559,False
2840272038,15.0,49.0,201,True,1st 17:20:00 : made by Terry McMorris(Eastern Ill.) 7-7,period_1 player_787324265 team_201,False
2840272039,82.0,48.0,559,True,1st 17:01:00 : made by Trey Kaufman-Renn(Purdue) 7-9,period_1 player_787324247 team_559,False
2840272041,11.0,40.0,201,False,1st 16:44:00 : missed by Preston Turner(Eastern Ill.) 7-9,period_1 player_787324262 team_201,False
2840272044,29.0,21.0,201,True,1st 16:20:00 : made by Preston Turner(Eastern Ill.) 10-9,period_1 player_787324262 team_201,False
2840272047,9.0,30.0,201,True,1st 15:43:00 : made by Meechie White(Eastern Ill.) 12-9,period_1 player_787324269 team_201,False
2840272049,84.0,93.0,559,True,1st 15:22:00 : made by C.J. Cox(Purdue) 12-12,period_1 player_787324255 team_559,False
2840272062,24.0,15.0,201,False,1st 14:42:00 : missed by Andrew Austin(Eastern Ill.) 12-12,period_1 player_787324266 team_201,False
2840272065,9.0,44.0,201,True,1st 14:31:00 : made by Meechie White(Eastern Ill.) 14-12,period_1 player_787324269 team_201,False
2840272077,29.0,81.0,201,False,1st 13:54:00 : missed by Andrew Austin(Eastern Ill.) 14-12,period_1 player_787324266 team_201,False
2840272079,69.0,65.0,559,False,1st 13:46:00 : missed by Gicarri Harris(Purdue) 14-12,period_1 player_787324253 team_559,False
2840272081,88.0,48.0,559,True,1st 13:40:00 : made by Daniel Jacobsen(Purdue) 14-14,period_1 player_787324256 team_559,False
2840272082,16.0,7.0,201,False,1st 13:18:00 : missed by Andrew Austin(Eastern Ill.) 14-14,period_1 player_787324266 team_201,False
2840272092,30.0,70.0,201,False,1st 12:42:00 : missed by Kooper Jacobi(Eastern Ill.) 14-16,period_1 player_787324261 team_201,False
2840272094,91.0,54.0,559,True,1st 12:29:00 : made by Omer Mayer(Purdue) 14-18,period_1 player_787324258 team_559,False
2840272100,22.0,41.0,201,True,1st 12:19:00 : made by Preston Turner(Eastern Ill.) 16-19,period_1 player_787324262 team_201,False
2840272102,89.0,4.0,559,False,1st 12:00:00 : missed by Jack Benter(Purdue) 16-19,period_1 player_787324254 team_559,False
2840272104,66.0,52.0,559,False,1st 11:55:00 : missed by Omer Mayer(Purdue) 16-19,period_1 player_787324258 team_559,False
2840272114,17.0,51.0,201,False,1st 11:23:00 : missed by Kooper Jacobi(Eastern Ill.) 16-19,period_1 player_787324261 team_201,False
2840272117,30.0,62.0,201,True,1st 11:18:00 : made by Malik Olafioye(Eastern Ill.) 19-19,period_1 player_787324263 team_201,False
2840272118,85.0,49.0,559,True,1st 10:56:00 : made by Daniel Jacobsen(Purdue) 19-21,period_1 player_787324256 team_559,False
2840272120,8.0,32.0,201,False,1st 10:34:00 : missed by Kooper Jacobi(Eastern Ill.) 19-21,period_1 player_787324261 team_201,False
2840272122,88.0,53.0,559,True,1st 10:23:00 : made by Gicarri Harris(Purdue) 19-23,period_1 player_787324253 team_559,False
2840272124,11.0,45.0,201,False,1st 09:51:00 : missed by Meechie White(Eastern Ill.) 19-23,period_1 player_787324269 team_201,False
2840272126,80.0,8.0,559,False,1st 09:46:00 : missed by Omer Mayer(Purdue) 19-23,period_1 player_787324258 team_559,False
2840272140,93.0,95.0,559,False,1st 09:06:00 : missed by C.J. Cox(Purdue) 19-23,period_1 player_787324255 team_559,False
2840272143,8.0,43.0,201,True,1st 08:44:00 : made by Nazareth Fisher(Eastern Ill.) 21-23,period_1 player_787324264 team_201,False
2840272145,93.0,50.0,559,True,1st 08:27:00 : made by Trey Kaufman-Renn(Purdue) 21-25,period_1 player_787324247 team_559,False
2840272147,32.0,45.0,201,False,1st 08:10:00 : missed by Andrew Austin(Eastern Ill.) 21-25,period_1 player_787324266 team_201,False
2840272149,93.0,53.0,559,True,1st 07:59:00 : made by Braden Smith(Purdue) 21-27,period_1 player_787324249 team_559,False
2840272158,73.0,79.0,559,True,1st 07:27:00 : made by Fletcher Loyer(Purdue) 21-30,period_1 player_787324248 team_559,False
2840272162,12.0,32.0,201,True,1st 06:48:00 : made by Kooper Jacobi(Eastern Ill.) 23-30,period_1 player_787324261 team_201,False
2840272171,88.0,48.0,559,True,1st 05:51:00 : made by Trey Kaufman-Renn(Purdue) 23-35,period_1 player_787324247 team_559,False
2840272173,25.0,84.0,201,False,1st 05:29:00 : missed by Andrew Austin(Eastern Ill.) 23-35,period_1 player_787324266 team_201,False
2840272175,87.0,54.0,559,True,1st 05:13:00 : made by Trey Kaufman-Renn(Purdue) 23-37,period_1 player_787324247 team_559,False
2840272178,94.0,43.0,559,False,1st 04:48:00 : missed by C.J. Cox(Purdue) 23-37,period_1 player_787324255 team_559,False
2840272180,91.0,48.0,559,True,1st 04:45:00 : made by Trey Kaufman-Renn(Purdue) 23-39,period_1 player_787324247 team_559,False
2840272188,32.0,36.0,201,False,1st 04:28:00 : missed by Malik Olafioye(Eastern Ill.) 23-39,period_1 player_787324263 team_201,False
2840272191,94.0,72.0,559,False,1st 04:13:00 : missed by Trey Kaufman-Renn(Purdue) 23-39,period_1 player_787324247 team_559,False
2840272193,32.0,60.0,201,True,1st 04:03:00 : made by Meechie White(Eastern Ill.) 26-39,period_1 player_787324269 team_201,False
2840272194,87.0,48.0,559,True,1st 03:43:00 : made by Daniel Jacobsen(Purdue) 26-41,period_1 player_787324256 team_559,False
2840272209,76.0,14.0,559,True,1st 03:16:00 : made by Braden Smith(Purdue) 26-45,period_1 player_787324249 team_559,False
2840272211,8.0,57.0,201,True,1st 02:56:00 : made by Terry McMorris(Eastern Ill.) 28-45,period_1 player_787324265 team_201,False
2840272223,9.0,45.0,201,False,1st 02:31:00 : missed by Terry McMorris(Eastern Ill.) 28-47,period_1 player_787324265 team_201,False
2840272225,78.0,12.0,559,True,1st 02:25:00 : made by Gicarri Harris(Purdue) 28-50,period_1 player_787324253 team_559,False
2840272229,68.0,49.0,559,True,1st 01:41:00 : made by Fletcher Loyer(Purdue) 28-53,period_1 player_787324248 team_559,False
2840272231,36.0,45.0,201,False,1st 01:01:00 : missed by Kooper Jacobi(Eastern Ill.) 28-53,period_1 player_787324261 team_201,False
2840272235,93.0,46.0,559,False,1st 00:50:80 : missed by Omer Mayer(Purdue) 28-53,period_1 player_787324258 team_559,False
2840272237,13.0,48.0,201,False,1st 00:41:10 : missed by Andrew Austin(Eastern Ill.) 28-53,period_1 player_787324266 team_201,False
2840272240,22.0,86.0,201,False,1st 00:25:00 : missed by Kooper Jacobi(Eastern Ill.) 28-53,period_1 player_787324261 team_201,False
2840272242,73.0,52.0,559,False,1st 00:00:10 : missed by Omer Mayer(Purdue) 28-53,period_1 player_787324258 team_559,False
2840272256,86.0,4.0,201,False,2nd 19:49:00 : missed by Andrew Austin(Eastern Ill.) 28-53,period_2 player_787324266 team_201,False
2840272258,11.0,26.0,559,False,2nd 19:17:00 : missed by Trey Kaufman-Renn(Purdue) 28-53,period_2 player_787324247 team_559,False
2840272260,7.0,51.0,559,True,2nd 19:14:00 : made by Oscar Cluff(Purdue) 28-55,period_2 player_787324251 team_559,False
2840272263,25.0,12.0,559,True,2nd 18:49:00 : made by Fletcher Loyer(Purdue) 28-58,period_2 player_787324248 team_559,False
2840272265,93.0,44.0,201,True,2nd 18:29:00 : made by Meechie White(Eastern Ill.) 30-58,period_2 player_787324269 team_201,False
2840272267,8.0,44.0,559,True,2nd 18:12:00 : made by Trey Kaufman-Renn(Purdue) 30-60,period_2 player_787324247 team_559,False
2840272268,92.0,46.0,201,True,2nd 17:54:00 : made by Andrew Austin(Eastern Ill.) 32-60,period_2 player_787324266 team_201,False
2840272270,22.0,12.0,559,False,2nd 17:28:00 : missed by C.J. Cox(Purdue) 32-60,period_2 player_787324255 team_559,False
2840272272,8.0,43.0,559,True,2nd 17:24:00 : made by C.J. Cox(Purdue) 32-62,period_2 player_787324255 team_559,False
2840272275,11.0,49.0,559,True,2nd 17:01:00 : made by Trey Kaufman-Renn(Purdue) 32-64,period_2 player_787324247 team_559,False
2840272277,82.0,91.0,201,True,2nd 16:40:00 : made by Preston Turner(Eastern Ill.) 35-64,period_2 player_787324262 team_201,False
2840272279,7.0,54.0,559,True,2nd 16:20:00 : made by Oscar Cluff(Purdue) 35-66,period_2 player_787324251 team_559,False
2840272283,6.0,95.0,559,False,2nd 16:02:00 : missed by Braden Smith(Purdue) 35-66,period_2 player_787324249 team_559,False
2840272285,89.0,5.0,201,False,2nd 15:53:00 : missed by Preston Turner(Eastern Ill.) 35-66,period_2 player_787324262 team_201,False
2840272287,6.0,43.0,559,True,2nd 15:39:00 : made by Oscar Cluff(Purdue) 35-68,period_2 player_787324251 team_559,False
2840272289,92.0,46.0,201,True,2nd 15:18:00 : made by Terry McMorris(Eastern Ill.) 37-68,period_2 player_787324265 team_201,False
2840272305,31.0,65.0,559,False,2nd 14:52:00 : missed by Gicarri Harris(Purdue) 37-68,period_2 player_787324253 team_559,False
2840272307,11.0,42.0,559,True,2nd 14:41:00 : made by Gicarri Harris(Purdue) 37-70,period_2 player_787324253 team_559,False
2840272311,92.0,95.0,201,False,2nd 14:23:00 : missed by Kooper Jacobi(Eastern Ill.) 37-71,period_2 player_787324261 team_201,False
2840272313,7.0,48.0,559,True,2nd 14:05:00 : made by Daniel Jacobsen(Purdue) 37-73,period_2 player_787324256 team_559,False
2840272315,84.0,45.0,201,False,2nd 13:34:00 : missed by Terry McMorris(Eastern Ill.) 37-73,period_2 player_787324265 team_201,False
2840272323,9.0,31.0,559,False,2nd 13:16:00 : missed by Trey Kaufman-Renn(Purdue) 37-73,period_2 player_787324247 team_559,False
2840272325,71.0,75.0,201,False,2nd 13:10:00 : missed by Meechie White(Eastern Ill.) 37-73,period_2 player_787324269 team_201,False
2840272327,30.0,74.0,559,True,2nd 13:02:00 : made by Fletcher Loyer(Purdue) 37-76,period_2 player_787324248 team_559,False
2840272329,88.0,52.0,201,False,2nd 12:42:00 : missed by Nazareth Fisher(Eastern Ill.) 37-76,period_2 player_787324264 team_201,False
2840272332,8.0,50.0,559,True,2nd 12:37:00 : made by Gicarri Harris(Purdue) 37-78,period_2 player_787324253 team_559,False
2840272344,85.0,6.0,201,False,2nd 12:03:00 : missed by Andrew Austin(Eastern Ill.) 37-78,period_2 player_787324266 team_201,False
2840272346,6.0,41.0,559,True,2nd 11:52:00 : made by Daniel Jacobsen(Purdue) 37-80,period_2 player_787324256 team_559,False
2840272348,80.0,8.0,201,False,2nd 11:28:00 : missed by Preston Turner(Eastern Ill.) 37-80,period_2 player_787324262 team_201,False
2840272355,8.0,50.0,559,True,2nd 11:09:00 : made by Daniel Jacobsen(Purdue) 37-82,period_2 player_787324256 team_559,False
2840272359,13.0,94.0,559,False,2nd 10:50:00 : missed by C.J. Cox(Purdue) 37-82,period_2 player_787324255 team_559,False
2840272377,86.0,47.0,201,False,2nd 09:56:00 : missed by Kooper Jacobi(Eastern Ill.) 37-83,period_2 player_787324261 team_201,False
2840272379,18.0,47.0,559,True,2nd 09:37:00 : made by Gicarri Harris(Purdue) 37-85,period_2 player_787324253 team_559,False
2840272382,8.0,46.0,559,True,2nd 09:15:00 : made by Omer Mayer(Purdue) 37-87,period_2 player_787324258 team_559,False
2840272391,7.0,50.0,559,True,2nd 08:38:00 : made by Jack Benter(Purdue) 37-89,period_2 player_787324254 team_559,False
2840272395,94.0,4.0,201,False,2nd 08:15:00 : missed by Terry McMorris(Eastern Ill.) 37-89,period_2 player_787324265 team_201,False
2840272407,90.0,20.0,201,False,2nd 07:39:00 : missed by Markus Blackwell(Eastern Ill.) 37-90,period_2 player_787324267 team_201,False
2840272409,13.0,43.0,559,False,2nd 07:22:00 : missed by Jack Benter(Purdue) 37-90,period_2 player_787324254 team_559,False
2840272412,21.0,89.0,559,True,2nd 06:55:00 : made by Omer Mayer(Purdue) 37-93,period_2 player_787324258 team_559,False
2840272414,91.0,50.0,201,True,2nd 06:41:00 : made by Meechie White(Eastern Ill.) 39-93,period_2 player_787324269 team_201,False
2840272415,22.0,58.0,559,False,2nd 06:29:00 : missed by C.J. Cox(Purdue) 39-93,period_2 player_787324255 team_559,False
2840272417,6.0,50.0,559,True,2nd 06:23:00 : made by Daniel Jacobsen(Purdue) 39-95,period_2 player_787324256 team_559,False
2840272422,93.0,46.0,201,True,2nd 05:59:00 : made by Nazareth Fisher(Eastern Ill.) 41-95,period_2 player_787324264 team_201,False
2840272423,10.0,45.0,559,True,2nd 05:42:00 : made by Daniel Jacobsen(Purdue) 41-97,period_2 player_787324256 team_559,False
2840272425,87.0,43.0,201,True,2nd 05:11:00 : made by Terry McMorris(Eastern Ill.) 43-97,period_2 player_787324265 team_201,False
2840272434,83.0,78.0,201,True,2nd 04:45:00 : made by Meechie White(Eastern Ill.) 45-99,period_2 player_787324269 team_201,False
2840272435,20.0,26.0,559,True,2nd 04:24:00 : made by Omer Mayer(Purdue) 45-101,period_2 player_787324258 team_559,False
2840272436,77.0,48.0,201,True,2nd 04:14:00 : made by Meechie White(Eastern Ill.) 47-101,period_2 player_787324269 team_201,False
2840272437,8.0,54.0,559,False,2nd 03:52:00 : missed by Aaron Fine(Purdue) 47-101,period_2 player_787324257 team_559,False
2840272440,93.0,54.0,201,True,2nd 03:43:00 : made by Terry McMorris(Eastern Ill.) 49-101,period_2 player_787324265 team_201,False
2840272441,33.0,48.0,559,False,2nd 03:24:00 : missed by Omer Mayer(Purdue) 49-101,period_2 player_787324258 team_559,False
2840272452,9.0,60.0,559,False,2nd 03:02:00 : missed by Jack Benter(Purdue) 51-101,period_2 player_787324254 team_559,False
2840272454,91.0,47.0,201,True,2nd 02:42:00 : made by Andrew Austin(Eastern Ill.) 53-101,period_2 player_787324266 team_201,False
2840272456,37.0,50.0,559,True,2nd 02:08:00 : made by Jack Benter(Purdue) 53-104,period_2 player_787324254 team_559,False
2840272462,36.0,52.0,559,True,2nd 01:44:00 : made by Jack Benter(Purdue) 54-107,period_2 player_787324254 team_559,False
2840272469,3.0,96.0,559,False,2nd 01:21:00 : missed by Gicarri Harris(Purdue) 55-107,period_2 player_787324253 team_559,False
2840272475,14.0,50.0,559,True,2nd 01:03:00 : made by Aaron Fine(Purdue) 57-109,period_2 player_787324257 team_559,False
2840272476,92.0,46.0,201,False,2nd 00:52:30 : missed by Markus Blackwell(Eastern Ill.) 57-109,period_2 player_787324267 team_201,False
2840272478,92.0,45.0,201,False,2nd 00:48:70 : missed by Markus Blackwell(Eastern Ill.) 57-109,period_2 player_787324267 team_201,False
2840272480,8.0,52.0,559,False,2nd 00:43:40 : missed by Jack Benter(Purdue) 57-109,period_2 player_787324254 team_559,False
2840272482,93.0,55.0,201,True,2nd 00:37:40 : made by Terry McMorris(Eastern Ill.) 59-109,period_2 player_787324265 team_201,False
2840272483,24.0,50.0,559,False,2nd 00:27:00 : missed by Jace Rayl(Purdue) 59-109,period_2 player_787324252 team_559,False
2840272486,73.0,77.0,201,True,2nd 00:14:10 : made by Meechie White(Eastern Ill.) 62-109,period_2 player_787324269 team_201,False
2841547972,24.0,84.0,587,True,1st 19:41:00 : made by Tariq Francis(Rutgers) 0-3,period_1 player_787422153 team_587,False
2841547974,95.0,4.0,559,False,1st 19:21:00 : missed by C.J. Cox(Purdue) 0-3,period_1 player_787422170 team_559,False
2841547978,89.0,51.0,559,False,1st 19:01:00 : missed by Oscar Cluff(Purdue) 0-3,period_1 player_787422168 team_559,False
2841547980,93.0,43.0,559,True,1st 18:58:00 : made by C.J. Cox(Purdue) 2-3,period_1 player_787422170 team_559,False
2841547982,29.0,23.0,587,True,1st 18:27:00 : made by Darren Buchanan Jr.(Rutgers) 2-6,period_1 player_787422149 team_587,False
2841547983,92.0,63.0,559,False,1st 18:08:00 : missed by Fletcher Loyer(Purdue) 2-6,period_1 player_787422166 team_559,False
2841547985,70.0,23.0,559,True,1st 18:04:00 : made by Braden Smith(Purdue) 5-6,period_1 player_787422167 team_559,False
2841547987,7.0,31.0,587,False,1st 17:25:00 : missed by Emmanuel Ogbole(Rutgers) 5-6,period_1 player_787422152 team_587,False
2841547989,80.0,51.0,559,False,1st 17:16:00 : missed by Trey Kaufman-Renn(Purdue) 5-6,period_1 player_787422165 team_559,False
2841547991,20.0,91.0,587,False,1st 17:08:00 : missed by Dylan Grant(Rutgers) 5-6,period_1 player_787422155 team_587,False
2841547993,96.0,96.0,559,True,1st 16:48:00 : made by Braden Smith(Purdue) 8-6,period_1 player_787422167 team_559,False
2841547995,20.0,26.0,587,False,1st 16:15:00 : missed by Tariq Francis(Rutgers) 8-6,period_1 player_787422153 team_587,False
2841547997,79.0,45.0,559,False,1st 16:00:00 : missed by C.J. Cox(Purdue) 8-6,period_1 player_787422170 team_559,False
2841548007,75.0,15.0,559,False,1st 15:29:00 : missed by Fletcher Loyer(Purdue) 8-6,period_1 player_787422166 team_559,False
2841548009,8.0,58.0,587,False,1st 15:18:00 : missed by Dylan Grant(Rutgers) 8-6,period_1 player_787422155 team_587,False
2841548013,9.0,43.0,587,False,1st 14:52:00 : missed by Dylan Grant(Rutgers) 8-6,period_1 player_787422155 team_587,False
2841548016,93.0,53.0,559,True,1st 14:34:00 : made by Daniel Jacobsen(Purdue) 10-6,period_1 player_787422171 team_559,False
2841548024,91.0,20.0,559,False,1st 13:56:00 : missed by Fletcher Loyer(Purdue) 10-6,period_1 player_787422166 team_559,False
2841548030,93.0,59.0,559,True,1st 13:29:00 : made by Trey Kaufman-Renn(Purdue) 12-8,period_1 player_787422165 team_559,False
2841548034,92.0,57.0,559,True,1st 13:05:00 : made by Gicarri Harris(Purdue) 14-8,period_1 player_787422169 team_559,False
2841548039,23.0,49.0,587,False,1st 12:39:00 : missed by Darren Buchanan Jr.(Rutgers) 14-8,period_1 player_787422149 team_587,False
2841548045,72.0,78.0,559,True,1st 12:21:00 : made by Braden Smith(Purdue) 17-8,period_1 player_787422167 team_559,False
2841548056,72.0,26.0,559,True,1st 11:41:00 : made by Gicarri Harris(Purdue) 20-9,period_1 player_787422169 team_559,False
2841548058,5.0,27.0,587,True,1st 11:26:00 : made by Dylan Grant(Rutgers) 20-11,period_1 player_787422155 team_587,False
2841548062,26.0,46.0,587,True,1st 10:39:00 : made by Jamichael Davis(Rutgers) 20-13,period_1 player_787422150 team_587,False
2841548063,90.0,33.0,559,False,1st 10:09:00 : missed by Omer Mayer(Purdue) 20-13,period_1 player_787422172 team_559,False
2841548065,11.0,47.0,587,True,1st 09:57:00 : made by Jamichael Davis(Rutgers) 20-15,period_1 player_787422150 team_587,False
2841548066,72.0,77.0,559,False,1st 09:35:00 : missed by Braden Smith(Purdue) 20-15,period_1 player_787422167 team_559,False
2841548076,92.0,61.0,559,False,1st 09:24:00 : missed by Trey Kaufman-Renn(Purdue) 20-15,period_1 player_787422165 team_559,False
2841548078,94.0,50.0,559,False,1st 09:21:00 : missed by Oscar Cluff(Purdue) 20-15,period_1 player_787422168 team_559,False
2841548080,12.0,33.0,587,False,1st 08:53:00 : missed by Tariq Francis(Rutgers) 20-15,period_1 player_787422153 team_587,False
2841548082,92.0,46.0,559,False,1st 08:41:00 : missed by Oscar Cluff(Purdue) 20-15,period_1 player_787422168 team_559,False
2841548085,20.0,41.0,587,True,1st 08:11:00 : made by Christopher Nwuli(Rutgers) 20-17,period_1 player_787422160 team_587,False
2841548086,91.0,96.0,559,False,1st 07:53:00 : missed by C.J. Cox(Purdue) 20-17,period_1 player_787422170 team_559,False
2841548097,22.0,53.0,587,True,1st 07:37:00 : made by Denis Badalau(Rutgers) 20-19,period_1 player_787422161 team_587,False
2841548099,94.0,62.0,559,True,1st 07:19:00 : made by Trey Kaufman-Renn(Purdue) 22-19,period_1 player_787422165 team_559,False
2841548103,4.0,5.0,587,False,1st 06:52:00 : missed by Denis Badalau(Rutgers) 23-19,period_1 player_787422161 team_587,False
2841548105,80.0,65.0,559,True,1st 06:39:00 : made by Braden Smith(Purdue) 25-19,period_1 player_787422167 team_559,False
2841548106,22.0,12.0,587,False,1st 06:09:00 : missed by Denis Badalau(Rutgers) 25-19,period_1 player_787422161 team_587,False
2841548108,92.0,58.0,559,False,1st 06:00:00 : missed by Trey Kaufman-Renn(Purdue) 25-19,period_1 player_787422165 team_559,False
2841548111,20.0,31.0,587,False,1st 05:52:00 : missed by Christopher Nwuli(Rutgers) 25-19,period_1 player_787422160 team_587,False
2841548123,16.0,52.0,587,False,1st 05:14:00 : missed by Emmanuel Ogbole(Rutgers) 27-19,period_1 player_787422152 team_587,False
2841548125,10.0,37.0,587,False,1st 05:08:00 : missed by Emmanuel Ogbole(Rutgers) 27-19,period_1 player_787422152 team_587,False
2841548131,75.0,84.0,559,False,1st 04:48:00 : missed by Fletcher Loyer(Purdue) 27-19,period_1 player_787422166 team_559,False
2841548133,92.0,5.0,559,False,1st 04:36:00 : missed by Gicarri Harris(Purdue) 27-19,period_1 player_787422169 team_559,False
2841548135,92.0,61.0,559,False,1st 03:59:00 : missed by Fletcher Loyer(Purdue) 27-19,period_1 player_787422166 team_559,False
2841548137,8.0,57.0,587,False,1st 03:47:00 : missed by Emmanuel Ogbole(Rutgers) 27-19,period_1 player_787422152 team_587,False
2841548139,89.0,4.0,559,True,1st 03:38:00 : made by Gicarri Harris(Purdue) 30-19,period_1 player_787422169 team_559,False
2841548157,93.0,96.0,559,True,1st 02:55:00 : made by Liam Murphy(Purdue) 33-20,period_1 player_787422164 team_559,False
2841548159,21.0,45.0,587,True,1st 02:39:00 : made by Tariq Francis(Rutgers) 33-22,period_1 player_787422153 team_587,False
2841548162,28.0,17.0,587,True,1st 02:01:00 : made by Jamichael Davis(Rutgers) 33-25,period_1 player_787422150 team_587,False
2841548164,84.0,56.0,559,True,1st 01:35:00 : made by Trey Kaufman-Renn(Purdue) 35-25,period_1 player_787422165 team_559,False
2841548165,17.0,52.0,587,False,1st 01:18:00 : missed by Tariq Francis(Rutgers) 35-25,period_1 player_787422153 team_587,False
2841548167,68.0,50.0,559,True,1st 01:10:00 : made by Gicarri Harris(Purdue) 38-25,period_1 player_787422169 team_559,False
2841548184,12.0,38.0,587,True,1st 00:09:50 : made by Darren Buchanan Jr.(Rutgers) 40-27,period_1 player_787422149 team_587,False
2841548190,68.0,45.0,559,False,1st 00:01:70 : missed by Braden Smith(Purdue) 40-27,period_1 player_787422167 team_559,False
2841548205,12.0,69.0,559,True,2nd 19:43:00 : made by Trey Kaufman-Renn(Purdue) 42-27,period_2 player_787422165 team_559,False
2841548207,69.0,32.0,587,False,2nd 19:20:00 : missed by Dylan Grant(Rutgers) 42-27,period_2 player_787422155 team_587,False
2841548209,29.0,24.0,559,False,2nd 19:06:00 : missed by Fletcher Loyer(Purdue) 42-27,period_2 player_787422166 team_559,False
2841548211,80.0,47.0,587,True,2nd 18:41:00 : made by Darren Buchanan Jr.(Rutgers) 42-29,period_2 player_787422149 team_587,False
2841548216,93.0,58.0,587,False,2nd 17:58:00 : missed by Darren Buchanan Jr.(Rutgers) 44-29,period_2 player_787422149 team_587,False
2841548218,28.0,20.0,559,True,2nd 17:40:00 : made by Braden Smith(Purdue) 47-29,period_2 player_787422167 team_559,False
2841548228,71.0,31.0,587,False,2nd 16:52:00 : missed by Darren Buchanan Jr.(Rutgers) 49-29,period_2 player_787422149 team_587,False
2841548230,7.0,50.0,559,True,2nd 16:42:00 : made by Oscar Cluff(Purdue) 51-29,period_2 player_787422168 team_559,False
2841548236,93.0,58.0,587,False,2nd 16:15:00 : missed by Darren Buchanan Jr.(Rutgers) 51-29,period_2 player_787422149 team_587,False
2841548238,26.0,81.0,559,True,2nd 16:09:00 : made by Fletcher Loyer(Purdue) 54-29,period_2 player_787422166 team_559,False
2841548240,92.0,52.0,587,True,2nd 15:45:00 : made by Harun Zrno(Rutgers) 54-31,period_2 player_787422158 team_587,False
2841548243,93.0,65.0,587,True,2nd 15:14:00 : made by Kaden Powers(Rutgers) 54-33,period_2 player_787422159 team_587,False
2841548244,7.0,54.0,559,True,2nd 14:48:00 : made by Oscar Cluff(Purdue) 56-33,period_2 player_787422168 team_559,False
2841548246,95.0,5.0,587,False,2nd 14:29:00 : missed by Jamichael Davis(Rutgers) 56-33,period_2 player_787422150 team_587,False
2841548260,32.0,60.0,559,False,2nd 14:09:00 : missed by Fletcher Loyer(Purdue) 56-33,period_2 player_787422166 team_559,False
2841548268,87.0,77.0,587,False,2nd 13:43:00 : missed by Kaden Powers(Rutgers) 57-33,period_2 player_787422159 team_587,False
2841548270,90.0,96.0,587,False,2nd 13:40:00 : missed by Kaden Powers(Rutgers) 57-33,period_2 player_787422159 team_587,False
2841548272,78.0,12.0,587,True,2nd 13:20:00 : made by Harun Zrno(Rutgers) 57-36,period_2 player_787422158 team_587,False
2841548274,10.0,43.0,559,False,2nd 12:57:00 : missed by Trey Kaufman-Renn(Purdue) 57-36,period_2 player_787422165 team_559,False
2841548282,79.0,12.0,587,False,2nd 12:44:00 : missed by Harun Zrno(Rutgers) 57-36,period_2 player_787422158 team_587,False
2841548284,7.0,69.0,559,False,2nd 12:35:00 : missed by Braden Smith(Purdue) 57-36,period_2 player_787422167 team_559,False
2841548286,13.0,51.0,559,True,2nd 12:30:00 : made by Trey Kaufman-Renn(Purdue) 59-36,period_2 player_787422165 team_559,False
2841548298,93.0,60.0,587,True,2nd 11:46:00 : made by Bryce Dortch(Rutgers) 59-39,period_2 player_787422154 team_587,False
2841548305,31.0,37.0,559,False,2nd 11:08:00 : missed by Braden Smith(Purdue) 59-39,period_2 player_787422167 team_559,False
2841548307,9.0,59.0,559,True,2nd 11:03:00 : made by Omer Mayer(Purdue) 61-39,period_2 player_787422172 team_559,False
2841548313,79.0,10.0,587,True,2nd 10:50:00 : made by Kaden Powers(Rutgers) 62-42,period_2 player_787422159 team_587,False
2841548315,31.0,32.0,559,False,2nd 10:32:00 : missed by Omer Mayer(Purdue) 62-42,period_2 player_787422172 team_559,False
2841548322,93.0,42.0,587,False,2nd 10:09:00 : missed by Baye Fall(Rutgers) 62-42,period_2 player_787422151 team_587,False
2841548324,91.0,52.0,587,False,2nd 10:03:00 : missed by Christopher Nwuli(Rutgers) 62-42,period_2 player_787422160 team_587,False
2841548326,7.0,5.0,559,False,2nd 09:54:00 : missed by Omer Mayer(Purdue) 62-42,period_2 player_787422172 team_559,False
2841548333,9.0,48.0,559,True,2nd 09:34:00 : made by Trey Kaufman-Renn(Purdue) 64-42,period_2 player_787422165 team_559,False
2841548334,95.0,4.0,587,True,2nd 09:18:00 : made by Harun Zrno(Rutgers) 64-45,period_2 player_787422158 team_587,False
2841548352,76.0,85.0,587,True,2nd 08:42:00 : made by Dylan Grant(Rutgers) 66-48,period_2 player_787422155 team_587,False
2841548354,26.0,18.0,559,False,2nd 08:11:00 : missed by Omer Mayer(Purdue) 66-48,period_2 player_787422172 team_559,False
2841548360,92.0,34.0,587,False,2nd 07:53:00 : missed by Dylan Grant(Rutgers) 66-48,period_2 player_787422155 team_587,False
2841548370,10.0,53.0,559,True,2nd 07:22:00 : made by Trey Kaufman-Renn(Purdue) 70-48,period_2 player_787422165 team_559,False
2841548372,93.0,48.0,587,True,2nd 07:15:00 : made by Lino Mark(Rutgers) 70-50,period_2 player_787422156 team_587,False
2841548380,9.0,48.0,559,True,2nd 06:41:00 : made by Fletcher Loyer(Purdue) 72-51,period_2 player_787422166 team_559,False
2841548381,78.0,48.0,587,False,2nd 06:26:00 : missed by Kaden Powers(Rutgers) 72-51,period_2 player_787422159 team_587,False
2841548383,8.0,96.0,559,False,2nd 06:17:00 : missed by C.J. Cox(Purdue) 72-51,period_2 player_787422170 team_559,False
2841548385,87.0,49.0,587,False,2nd 06:08:00 : missed by Lino Mark(Rutgers) 72-51,period_2 player_787422156 team_587,False
2841548388,27.0,78.0,559,False,2nd 06:02:00 : missed by Fletcher Loyer(Purdue) 72-51,period_2 player_787422166 team_559,False
2841548390,95.0,57.0,587,True,2nd 05:41:00 : made by Harun Zrno(Rutgers) 72-53,period_2 player_787422158 team_587,False
2841548392,18.0,52.0,559,False,2nd 05:14:00 : missed by Braden Smith(Purdue) 72-53,period_2 player_787422167 team_559,False
2841548403,91.0,78.0,587,False,2nd 04:53:00 : missed by Kaden Powers(Rutgers) 72-53,period_2 player_787422159 team_587,False
2841548405,7.0,51.0,559,True,2nd 04:40:00 : made by Oscar Cluff(Purdue) 74-53,period_2 player_787422168 team_559,False
2841548407,82.0,44.0,587,False,2nd 04:23:00 : missed by Darren Buchanan Jr.(Rutgers) 74-53,period_2 player_787422149 team_587,False
2841548420,94.0,57.0,587,True,2nd 03:44:00 : made by Dylan Grant(Rutgers) 74-55,period_2 player_787422155 team_587,False
2841548422,29.0,72.0,559,False,2nd 03:22:00 : missed by Braden Smith(Purdue) 74-55,period_2 player_787422167 team_559,False
2841548424,72.0,23.0,587,False,2nd 03:02:00 : missed by Harun Zrno(Rutgers) 74-55,period_2 player_787422158 team_587,False
2841548426,94.0,50.0,587,True,2nd 02:57:00 : made by Emmanuel Ogbole(Rutgers) 74-57,period_2 player_787422152 team_587,False
2841548427,27.0,19.0,559,True,2nd 02:29:00 : made by Fletcher Loyer(Purdue) 77-57,period_2 player_787422166 team_559,False
2841548429,93.0,61.0,587,True,2nd 02:06:00 : made by Dylan Grant(Rutgers) 77-59,period_2 player_787422155 team_587,False
2841548444,93.0,54.0,587,True,2nd 01:51:00 : made by Dylan Grant(Rutgers) 77-62,period_2 player_787422155 team_587,False
2841548446,8.0,69.0,559,False,2nd 01:23:00 : missed by Oscar Cluff(Purdue) 77-62,period_2 player_787422168 team_559,False
2841548452,82.0,8.0,587,True,2nd 01:03:00 : made by Harun Zrno(Rutgers) 79-65,period_2 player_787422158 team_587,False
2841548455,9.0,59.0,559,True,2nd 00:33:50 : made by Oscar Cluff(Purdue) 81-65,period_2 player_787422168 team_559,False
2841548456,81.0,28.0,587,False,2nd 00:24:80 : missed by Harun Zrno(Rutgers) 81-65,period_2 player_787422158 team_587,False
2842626708,89.0,43.0,559,False,1st 19:40:00 : missed by Oscar Cluff(Purdue) 0-0,period_1 player_787489504 team_559,False
2842626710,94.0,50.0,559,False,1st 19:36:00 : missed by Trey Kaufman-Renn(Purdue) 0-0,period_1 player_787489501 team_559,False
2842626712,28.0,37.0,311,False,1st 19:18:00 : missed by Milan Momcilovic(Iowa St.) 0-0,period_1 player_787489516 team_311,False
2842626714,75.0,18.0,559,False,1st 18:56:00 : missed by Fletcher Loyer(Purdue) 0-0,period_1 player_787489502 team_559,False
2842626716,23.0,14.0,311,False,1st 18:38:00 : missed by Tamin Lipsey(Iowa St.) 0-0,period_1 player_787489513 team_311,False
2842626718,96.0,65.0,559,True,1st 18:21:00 : made by Braden Smith(Purdue) 0-2,period_1 player_787489503 team_559,False
2842626719,8.0,50.0,311,True,1st 18:01:00 : made by Blake Buchanan(Iowa St.) 2-2,period_1 player_787489515 team_311,False
2842626723,92.0,4.0,559,False,1st 17:26:00 : missed by Fletcher Loyer(Purdue) 2-2,period_1 player_787489502 team_559,False
2842626725,6.0,24.0,311,True,1st 17:17:00 : made by Milan Momcilovic(Iowa St.) 4-2,period_1 player_787489516 team_311,False
2842626727,69.0,46.0,559,False,1st 16:58:00 : missed by Fletcher Loyer(Purdue) 4-2,period_1 player_787489502 team_559,False
2842626729,9.0,52.0,311,False,1st 16:49:00 : missed by Milan Momcilovic(Iowa St.) 4-2,period_1 player_787489516 team_311,False
2842626737,93.0,51.0,559,True,1st 16:35:00 : made by Oscar Cluff(Purdue) 4-4,period_1 player_787489504 team_559,False
2842626739,10.0,50.0,311,True,1st 16:10:00 : made by Dominykas Pleta(Iowa St.) 6-4,period_1 player_787489519 team_311,False
2842626740,93.0,45.0,559,False,1st 15:51:00 : missed by Trey Kaufman-Renn(Purdue) 6-4,period_1 player_787489501 team_559,False
2842626744,74.0,20.0,559,True,1st 15:36:00 : made by Fletcher Loyer(Purdue) 6-7,period_1 player_787489502 team_559,False
2842626746,32.0,55.0,311,True,1st 15:10:00 : made by Joshua Jefferson(Iowa St.) 9-7,period_1 player_787489514 team_311,False
2842626748,80.0,10.0,559,False,1st 14:43:00 : missed by C.J. Cox(Purdue) 9-7,period_1 player_787489507 team_559,False
2842626752,92.0,44.0,559,True,1st 14:27:00 : made by C.J. Cox(Purdue) 9-9,period_1 player_787489507 team_559,False
2842626756,91.0,53.0,559,True,1st 14:02:00 : made by Oscar Cluff(Purdue) 9-11,period_1 player_787489504 team_559,False
2842626770,31.0,68.0,311,False,1st 13:35:00 : missed by Tamin Lipsey(Iowa St.) 9-11,period_1 player_787489513 team_311,False
2842626772,9.0,44.0,311,False,1st 13:30:00 : missed by Nate Heise(Iowa St.) 9-11,period_1 player_787489512 team_311,False
2842626774,6.0,50.0,311,True,1st 13:22:00 : made by Nate Heise(Iowa St.) 11-11,period_1 player_787489512 team_311,False
2842626776,5.0,94.0,311,False,1st 13:04:00 : missed by Nate Heise(Iowa St.) 11-11,period_1 player_787489512 team_311,False
2842626780,7.0,43.0,311,False,1st 12:56:00 : missed by Joshua Jefferson(Iowa St.) 11-11,period_1 player_787489514 team_311,False
2842626783,93.0,48.0,559,True,1st 12:39:00 : made by Daniel Jacobsen(Purdue) 11-13,period_1 player_787489508 team_559,False
2842626785,29.0,72.0,311,True,1st 12:26:00 : made by Joshua Jefferson(Iowa St.) 14-13,period_1 player_787489514 team_311,False
2842626787,86.0,64.0,559,False,1st 12:08:00 : missed by Braden Smith(Purdue) 14-13,period_1 player_787489503 team_559,False
2842626789,86.0,46.0,559,False,1st 12:05:00 : missed by Daniel Jacobsen(Purdue) 14-13,period_1 player_787489508 team_559,False
2842626792,85.0,51.0,559,False,1st 12:01:00 : missed by Daniel Jacobsen(Purdue) 14-13,period_1 player_787489508 team_559,False
2842626794,92.0,45.0,559,False,1st 12:01:00 : missed by Trey Kaufman-Renn(Purdue) 14-13,period_1 player_787489501 team_559,False
2842626806,90.0,41.0,559,True,1st 11:38:00 : made by Daniel Jacobsen(Purdue) 14-16,period_1 player_787489508 team_559,False
2842626810,93.0,45.0,559,True,1st 11:19:00 : made by Omer Mayer(Purdue) 14-18,period_1 player_787489509 team_559,False
2842626811,12.0,45.0,311,True,1st 10:52:00 : made by Tamin Lipsey(Iowa St.) 16-18,period_1 player_787489513 team_311,False
2842626812,87.0,56.0,559,False,1st 10:27:00 : missed by Trey Kaufman-Renn(Purdue) 16-18,period_1 player_787489501 team_559,False
2842626825,28.0,16.0,311,False,1st 10:03:00 : missed by Milan Momcilovic(Iowa St.) 16-18,period_1 player_787489516 team_311,False
2842626827,87.0,48.0,559,False,1st 09:44:00 : missed by Omer Mayer(Purdue) 16-18,period_1 player_787489509 team_559,False
2842626829,70.0,38.0,559,True,1st 09:40:00 : made by Braden Smith(Purdue) 16-21,period_1 player_787489503 team_559,False
2842626836,80.0,87.0,559,False,1st 08:48:00 : missed by Omer Mayer(Purdue) 16-21,period_1 player_787489509 team_559,False
2842626838,6.0,71.0,311,False,1st 08:38:00 : missed by Tamin Lipsey(Iowa St.) 16-21,period_1 player_787489513 team_311,False
2842626847,21.0,65.0,311,True,1st 08:06:00 : made by Killyan Toure(Iowa St.) 18-21,period_1 player_787489520 team_311,False
2842626848,94.0,29.0,559,False,1st 07:50:00 : missed by C.J. Cox(Purdue) 18-21,period_1 player_787489507 team_559,False
2842626850,12.0,51.0,311,True,1st 07:37:00 : made by Joshua Jefferson(Iowa St.) 20-21,period_1 player_787489514 team_311,False
2842626867,7.0,42.0,311,True,1st 06:48:00 : made by Dominick Nelson(Iowa St.) 24-23,period_1 player_787489517 team_311,False
2842626868,82.0,10.0,559,False,1st 06:23:00 : missed by Omer Mayer(Purdue) 24-23,period_1 player_787489509 team_559,False
2842626888,94.0,14.0,559,False,1st 06:07:00 : missed by Fletcher Loyer(Purdue) 24-23,period_1 player_787489502 team_559,False
2842626890,93.0,56.0,559,False,1st 06:03:00 : missed by Trey Kaufman-Renn(Purdue) 24-23,period_1 player_787489501 team_559,False
2842626893,7.0,44.0,311,True,1st 05:44:00 : made by Milan Momcilovic(Iowa St.) 26-23,period_1 player_787489516 team_311,False
2842626895,93.0,51.0,559,True,1st 05:19:00 : made by Daniel Jacobsen(Purdue) 26-25,period_1 player_787489508 team_559,False
2842626897,34.0,48.0,311,True,1st 05:00:00 : made by Milan Momcilovic(Iowa St.) 29-25,period_1 player_787489516 team_311,False
2842626898,93.0,49.0,559,True,1st 04:42:00 : made by Daniel Jacobsen(Purdue) 29-27,period_1 player_787489508 team_559,False
2842626909,92.0,63.0,559,True,1st 03:59:00 : made by Braden Smith(Purdue) 30-29,period_1 player_787489503 team_559,False
2842626910,17.0,59.0,311,False,1st 03:27:00 : missed by Dominick Nelson(Iowa St.) 30-29,period_1 player_787489517 team_311,False
2842626912,6.0,50.0,311,False,1st 03:24:00 : missed by Blake Buchanan(Iowa St.) 30-29,period_1 player_787489515 team_311,False
2842626917,11.0,54.0,311,False,1st 03:23:00 : missed by Killyan Toure(Iowa St.) 30-29,period_1 player_787489520 team_311,False
2842626921,97.0,3.0,559,False,1st 02:49:00 : missed by Jack Benter(Purdue) 30-29,period_1 player_787489506 team_559,False
2842626931,33.0,45.0,311,False,1st 02:36:00 : missed by Killyan Toure(Iowa St.) 30-29,period_1 player_787489520 team_311,False
2842626935,22.0,87.0,311,True,1st 02:23:00 : made by Killyan Toure(Iowa St.) 33-29,period_1 player_787489520 team_311,False
2842626937,87.0,47.0,559,False,1st 02:03:00 : missed by Trey Kaufman-Renn(Purdue) 33-29,period_1 player_787489501 team_559,False
2842626943,17.0,6.0,311,False,1st 01:34:00 : missed by Nate Heise(Iowa St.) 33-29,period_1 player_787489512 team_311,False
2842626945,80.0,49.0,559,True,1st 01:21:00 : made by Trey Kaufman-Renn(Purdue) 33-31,period_1 player_787489501 team_559,False
2842626947,9.0,62.0,311,True,1st 00:59:80 : made by Blake Buchanan(Iowa St.) 35-31,period_1 player_787489515 team_311,False
2842626949,77.0,50.0,559,False,1st 00:39:80 : missed by Trey Kaufman-Renn(Purdue) 35-31,period_1 player_787489501 team_559,False
2842626959,93.0,3.0,559,False,1st 00:07:70 : missed by Gicarri Harris(Purdue) 35-31,period_1 player_787489505 team_559,False
2842626961,23.0,14.0,311,False,1st 00:00:60 : missed by Milan Momcilovic(Iowa St.) 35-31,period_1 player_787489516 team_311,False
2842626973,93.0,49.0,311,True,2nd 19:49:00 : made by Blake Buchanan(Iowa St.) 37-31,period_2 player_787489515 team_311,False
2842626979,14.0,50.0,559,False,2nd 19:13:00 : missed by Fletcher Loyer(Purdue) 37-31,period_2 player_787489502 team_559,False
2842626981,8.0,46.0,559,True,2nd 19:10:00 : made by Oscar Cluff(Purdue) 37-33,period_2 player_787489504 team_559,False
2842626982,86.0,47.0,311,True,2nd 18:50:00 : made by Blake Buchanan(Iowa St.) 39-33,period_2 player_787489515 team_311,False
2842626984,25.0,85.0,559,False,2nd 18:31:00 : missed by Fletcher Loyer(Purdue) 39-33,period_2 player_787489502 team_559,False
2842626986,75.0,81.0,311,True,2nd 18:22:00 : made by Tamin Lipsey(Iowa St.) 42-33,period_2 player_787489513 team_311,False
2842626991,93.0,95.0,311,True,2nd 17:50:00 : made by Milan Momcilovic(Iowa St.) 45-33,period_2 player_787489516 team_311,False
2842626994,71.0,27.0,311,True,2nd 17:17:00 : made by Killyan Toure(Iowa St.) 48-33,period_2 player_787489520 team_311,False
2842626995,33.0,34.0,559,False,2nd 17:01:00 : missed by Braden Smith(Purdue) 48-33,period_2 player_787489503 team_559,False
2842626997,14.0,36.0,559,True,2nd 16:56:00 : made by C.J. Cox(Purdue) 48-35,period_2 player_787489507 team_559,False
2842626998,93.0,44.0,311,True,2nd 16:37:00 : made by Nate Heise(Iowa St.) 50-35,period_2 player_787489512 team_311,False
2842627000,31.0,49.0,559,True,2nd 16:04:00 : made by C.J. Cox(Purdue) 50-38,period_2 player_787489507 team_559,False
2842627002,83.0,31.0,311,False,2nd 15:45:00 : missed by Milan Momcilovic(Iowa St.) 50-38,period_2 player_787489516 team_311,False
2842627011,88.0,54.0,311,False,2nd 15:28:00 : missed by Blake Buchanan(Iowa St.) 50-38,period_2 player_787489515 team_311,False
2842627015,8.0,28.0,559,True,2nd 15:08:00 : made by Braden Smith(Purdue) 50-40,period_2 player_787489503 team_559,False
2842627017,96.0,74.0,311,True,2nd 14:33:00 : made by Milan Momcilovic(Iowa St.) 52-40,period_2 player_787489516 team_311,False
2842627018,6.0,44.0,559,True,2nd 14:16:00 : made by Jack Benter(Purdue) 52-42,period_2 player_787489506 team_559,False
2842627020,94.0,5.0,311,True,2nd 13:58:00 : made by Nate Heise(Iowa St.) 55-42,period_2 player_787489512 team_311,False
2842627033,86.0,48.0,311,True,2nd 13:27:00 : made by Tamin Lipsey(Iowa St.) 57-43,period_2 player_787489513 team_311,False
2842627034,15.0,44.0,559,False,2nd 12:58:00 : missed by Braden Smith(Purdue) 57-43,period_2 player_787489503 team_559,False
2842627037,10.0,42.0,559,False,2nd 12:52:00 : missed by Braden Smith(Purdue) 57-43,period_2 player_787489503 team_559,False
2842627045,95.0,15.0,311,True,2nd 12:39:00 : made by Milan Momcilovic(Iowa St.) 59-43,period_2 player_787489516 team_311,False
2842627046,17.0,92.0,559,False,2nd 12:18:00 : missed by Omer Mayer(Purdue) 59-43,period_2 player_787489509 team_559,False
2842627048,94.0,52.0,311,True,2nd 12:09:00 : made by Dominick Nelson(Iowa St.) 61-43,period_2 player_787489517 team_311,False
2842627051,15.0,50.0,559,False,2nd 11:51:00 : missed by Omer Mayer(Purdue) 61-43,period_2 player_787489509 team_559,False
2842627056,9.0,45.0,559,True,2nd 11:40:00 : made by Gicarri Harris(Purdue) 61-45,period_2 player_787489505 team_559,False
2842627058,84.0,33.0,311,False,2nd 11:22:00 : missed by Milan Momcilovic(Iowa St.) 61-45,period_2 player_787489516 team_311,False
2842627064,92.0,44.0,311,False,2nd 11:12:00 : missed by Joshua Jefferson(Iowa St.) 61-45,period_2 player_787489514 team_311,False
2842627068,26.0,78.0,559,False,2nd 10:57:00 : missed by Gicarri Harris(Purdue) 61-45,period_2 player_787489505 team_559,False
2842627070,92.0,54.0,311,True,2nd 10:34:00 : made by Blake Buchanan(Iowa St.) 63-45,period_2 player_787489515 team_311,False
2842627072,29.0,49.0,559,False,2nd 10:15:00 : missed by Omer Mayer(Purdue) 63-45,period_2 player_787489509 team_559,False
2842627081,93.0,50.0,311,True,2nd 09:49:00 : made by Blake Buchanan(Iowa St.) 65-45,period_2 player_787489515 team_311,False
2842627083,24.0,81.0,559,False,2nd 09:29:00 : missed by Gicarri Harris(Purdue) 65-45,period_2 player_787489505 team_559,False
2842627085,83.0,50.0,311,True,2nd 09:11:00 : made by Milan Momcilovic(Iowa St.) 67-45,period_2 player_787489516 team_311,False
2842627094,5.0,37.0,559,True,2nd 08:45:00 : made by Fletcher Loyer(Purdue) 68-47,period_2 player_787489502 team_559,False
2842627101,71.0,71.0,311,True,2nd 08:32:00 : made by Milan Momcilovic(Iowa St.) 71-47,period_2 player_787489516 team_311,False
2842627111,81.0,10.0,311,False,2nd 07:35:00 : missed by Killyan Toure(Iowa St.) 71-48,period_2 player_787489520 team_311,False
2842627113,97.0,6.0,311,True,2nd 07:19:00 : made by Joshua Jefferson(Iowa St.) 74-48,period_2 player_787489514 team_311,False
2842627115,11.0,50.0,559,True,2nd 06:52:00 : made by Oscar Cluff(Purdue) 74-50,period_2 player_787489504 team_559,False
2842627117,89.0,48.0,311,False,2nd 06:19:00 : missed by Killyan Toure(Iowa St.) 74-50,period_2 player_787489520 team_311,False
2842627127,88.0,41.0,311,False,2nd 05:56:00 : missed by Milan Momcilovic(Iowa St.) 74-50,period_2 player_787489516 team_311,False
2842627134,90.0,54.0,311,False,2nd 05:33:00 : missed by Joshua Jefferson(Iowa St.) 74-50,period_2 player_787489514 team_311,False
2842627136,17.0,42.0,559,False,2nd 05:20:00 : missed by C.J. Cox(Purdue) 74-50,period_2 player_787489507 team_559,False
2842627138,11.0,48.0,559,True,2nd 05:04:00 : made by Oscar Cluff(Purdue) 74-52,period_2 player_787489504 team_559,False
2842627144,96.0,3.0,311,True,2nd 04:43:00 : made by Killyan Toure(Iowa St.) 77-52,period_2 player_787489520 team_311,False
2842627148,92.0,45.0,311,True,2nd 04:17:00 : made by Killyan Toure(Iowa St.) 79-52,period_2 player_787489520 team_311,False
2842627149,11.0,42.0,559,True,2nd 03:57:00 : made by Braden Smith(Purdue) 79-54,period_2 player_787489503 team_559,False
2842627164,5.0,94.0,559,False,2nd 03:30:00 : missed by Liam Murphy(Purdue) 79-54,period_2 player_787489500 team_559,False
2842627168,90.0,95.0,311,False,2nd 03:00:00 : missed by Joshua Jefferson(Iowa St.) 79-54,period_2 player_787489514 team_311,False
2842627170,68.0,17.0,311,False,2nd 02:54:00 : missed by Milan Momcilovic(Iowa St.) 79-54,period_2 player_787489516 team_311,False
2842627172,88.0,36.0,311,True,2nd 02:37:00 : made by Tamin Lipsey(Iowa St.) 81-54,period_2 player_787489513 team_311,False
2842627173,15.0,50.0,559,False,2nd 02:09:00 : missed by Gicarri Harris(Purdue) 81-54,period_2 player_787489505 team_559,False
2842627175,5.0,4.0,559,True,2nd 02:05:00 : made by Liam Murphy(Purdue) 81-57,period_2 player_787489500 team_559,False
2842627177,77.0,15.0,311,False,2nd 01:38:00 : missed by Nate Heise(Iowa St.) 81-57,period_2 player_787489512 team_311,False
2842627189,76.0,82.0,311,False,2nd 00:54:10 : missed by Milan Momcilovic(Iowa St.) 81-58,period_2 player_787489516 team_311,False
2842627192,84.0,14.0,311,False,2nd 00:13:00 : missed by Blake Buchanan(Iowa St.) 81-58,period_2 player_787489515 team_311,False
2843888344,79.0,74.0,559,True,1st 19:37:00 : made by C.J. Cox(Purdue) 0-2,period_1 player_787581719 team_559,False
2843888346,25.0,82.0,428,False,1st 19:17:00 : missed by Jaylen Crocker-Johnson(Minnesota) 0-2,period_1 player_787581728 team_428,False
2843888348,86.0,32.0,559,False,1st 19:01:00 : missed by C.J. Cox(Purdue) 0-2,period_1 player_787581719 team_559,False
2843888352,28.0,27.0,428,False,1st 18:39:00 : missed by Jaylen Crocker-Johnson(Minnesota) 0-2,period_1 player_787581728 team_428,False
2843888354,11.0,51.0,428,False,1st 18:22:00 : missed by Jaylen Crocker-Johnson(Minnesota) 0-2,period_1 player_787581728 team_428,False
2843888356,70.0,68.0,559,False,1st 18:13:00 : missed by Braden Smith(Purdue) 0-2,period_1 player_787581713 team_559,False
2843888358,78.0,86.0,559,True,1st 18:06:00 : made by Braden Smith(Purdue) 0-5,period_1 player_787581713 team_559,False
2843888362,93.0,54.0,559,True,1st 17:48:00 : made by Braden Smith(Purdue) 0-7,period_1 player_787581713 team_559,False
2843888363,32.0,57.0,428,True,1st 17:17:00 : made by Jaylen Crocker-Johnson(Minnesota) 3-7,period_1 player_787581728 team_428,False
2843888368,16.0,50.0,428,False,1st 16:42:00 : missed by Isaac Asuma(Minnesota) 3-7,period_1 player_787581730 team_428,False
2843888376,17.0,8.0,428,False,1st 16:19:00 : missed by Bobby Durkin(Minnesota) 3-9,period_1 player_787581727 team_428,False
2843888378,78.0,68.0,559,False,1st 16:07:00 : missed by C.J. Cox(Purdue) 3-9,period_1 player_787581719 team_559,False
2843888380,14.0,51.0,428,True,1st 15:58:00 : made by Cade Tyson(Minnesota) 5-9,period_1 player_787581726 team_428,False
2843888389,79.0,27.0,559,False,1st 15:43:00 : missed by Braden Smith(Purdue) 6-9,period_1 player_787581713 team_559,False
2843888391,7.0,25.0,428,False,1st 15:17:00 : missed by Cade Tyson(Minnesota) 6-9,period_1 player_787581726 team_428,False
2843888393,84.0,46.0,559,True,1st 14:54:00 : made by Trey Kaufman-Renn(Purdue) 6-11,period_1 player_787581711 team_559,False
2843888394,27.0,75.0,428,False,1st 14:28:00 : missed by Grayson Grove(Minnesota) 6-11,period_1 player_787581731 team_428,False
2843888396,72.0,22.0,559,False,1st 14:23:00 : missed by Fletcher Loyer(Purdue) 6-11,period_1 player_787581712 team_559,False
2843888398,80.0,88.0,559,False,1st 14:06:00 : missed by Trey Kaufman-Renn(Purdue) 6-11,period_1 player_787581711 team_559,False
2843888404,31.0,66.0,428,False,1st 13:47:00 : missed by Isaac Asuma(Minnesota) 6-11,period_1 player_787581730 team_428,False
2843888407,32.0,59.0,428,False,1st 13:23:00 : missed by Cade Tyson(Minnesota) 6-11,period_1 player_787581726 team_428,False
2843888409,7.0,54.0,428,True,1st 13:01:00 : made by Bobby Durkin(Minnesota) 8-11,period_1 player_787581727 team_428,False
2843888416,70.0,32.0,559,True,1st 12:44:00 : made by Braden Smith(Purdue) 9-14,period_1 player_787581713 team_559,False
2843888418,32.0,52.0,428,False,1st 12:09:00 : missed by Isaac Asuma(Minnesota) 9-14,period_1 player_787581730 team_428,False
2843888420,80.0,34.0,559,False,1st 11:56:00 : missed by Omer Mayer(Purdue) 9-14,period_1 player_787581722 team_559,False
2843888431,88.0,59.0,559,False,1st 11:54:00 : missed by Jack Benter(Purdue) 9-14,period_1 player_787581718 team_559,False
2843888441,9.0,41.0,428,True,1st 11:43:00 : made by Grayson Grove(Minnesota) 11-14,period_1 player_787581731 team_428,False
2843888447,90.0,48.0,559,True,1st 11:24:00 : made by Oscar Cluff(Purdue) 11-16,period_1 player_787581715 team_559,False
2843888454,95.0,41.0,559,False,1st 10:34:00 : missed by Oscar Cluff(Purdue) 11-16,period_1 player_787581715 team_559,False
2843888459,14.0,6.0,428,False,1st 10:19:00 : missed by Bobby Durkin(Minnesota) 11-16,period_1 player_787581727 team_428,False
2843888461,83.0,30.0,559,False,1st 10:08:00 : missed by Omer Mayer(Purdue) 11-16,period_1 player_787581722 team_559,False
2843888465,90.0,50.0,559,True,1st 09:52:00 : made by Oscar Cluff(Purdue) 11-18,period_1 player_787581715 team_559,False
2843888466,23.0,50.0,428,False,1st 09:23:00 : missed by Isaac Asuma(Minnesota) 11-18,period_1 player_787581730 team_428,False
2843888471,29.0,24.0,428,False,1st 08:49:00 : missed by Langston Reynolds(Minnesota) 11-18,period_1 player_787581725 team_428,False
2843888480,8.0,46.0,428,True,1st 08:20:00 : made by Langston Reynolds(Minnesota) 13-21,period_1 player_787581725 team_428,False
2843888482,92.0,46.0,559,True,1st 08:02:00 : made by Oscar Cluff(Purdue) 13-23,period_1 player_787581715 team_559,False
2843888495,21.0,11.0,428,False,1st 07:36:00 : missed by Cade Tyson(Minnesota) 13-23,period_1 player_787581726 team_428,False
2843888497,92.0,54.0,559,True,1st 07:27:00 : made by Trey Kaufman-Renn(Purdue) 13-25,period_1 player_787581711 team_559,False
2843888501,84.0,44.0,559,False,1st 06:53:00 : missed by Trey Kaufman-Renn(Purdue) 13-25,period_1 player_787581711 team_559,False
2843888503,15.0,54.0,428,True,1st 06:36:00 : made by Langston Reynolds(Minnesota) 15-25,period_1 player_787581725 team_428,False
2843888508,89.0,46.0,559,False,1st 06:19:00 : missed by Daniel Jacobsen(Purdue) 15-25,period_1 player_787581720 team_559,False
2843888517,19.0,66.0,428,False,1st 05:34:00 : missed by Isaac Asuma(Minnesota) 15-27,period_1 player_787581730 team_428,False
2843888519,33.0,43.0,428,True,1st 05:29:00 : made by Jaylen Crocker-Johnson(Minnesota) 18-27,period_1 player_787581728 team_428,False
2843888525,11.0,47.0,428,True,1st 04:40:00 : made by Bobby Durkin(Minnesota) 20-29,period_1 player_787581727 team_428,False
2843888527,82.0,50.0,559,True,1st 04:09:00 : made by Trey Kaufman-Renn(Purdue) 20-31,period_1 player_787581711 team_559,False
2843888529,19.0,9.0,428,True,1st 03:51:00 : made by Jaylen Crocker-Johnson(Minnesota) 23-31,period_1 player_787581728 team_428,False
2843888531,93.0,45.0,559,True,1st 03:26:00 : made by Daniel Jacobsen(Purdue) 23-33,period_1 player_787581720 team_559,False
2843888533,30.0,21.0,428,False,1st 03:05:00 : missed by Jaylen Crocker-Johnson(Minnesota) 23-33,period_1 player_787581728 team_428,False
2843888536,26.0,78.0,428,True,1st 02:34:00 : made by Isaac Asuma(Minnesota) 26-33,period_1 player_787581730 team_428,False
2843888538,87.0,50.0,559,False,1st 02:15:00 : missed by Braden Smith(Purdue) 26-33,period_1 player_787581713 team_559,False
2843888540,8.0,47.0,428,True,1st 02:04:00 : made by Cade Tyson(Minnesota) 28-33,period_1 player_787581726 team_428,False
2843888551,6.0,52.0,428,False,1st 01:42:00 : missed by Isaac Asuma(Minnesota) 28-33,period_1 player_787581730 team_428,False
2843888554,79.0,68.0,559,False,1st 01:34:00 : missed by Braden Smith(Purdue) 28-33,period_1 player_787581713 team_559,False
2843888557,7.0,55.0,428,True,1st 01:17:00 : made by Langston Reynolds(Minnesota) 30-33,period_1 player_787581725 team_428,False
2843888558,85.0,94.0,559,False,1st 00:58:00 : missed by Gicarri Harris(Purdue) 30-33,period_1 player_787581717 team_559,False
2843888560,90.0,52.0,559,True,1st 00:52:10 : made by Oscar Cluff(Purdue) 30-35,period_1 player_787581715 team_559,False
2843888562,19.0,19.0,428,True,1st 00:28:80 : made by Jaylen Crocker-Johnson(Minnesota) 32-35,period_1 player_787581728 team_428,False
2843888563,82.0,43.0,559,False,1st 00:02:00 : missed by Trey Kaufman-Renn(Purdue) 32-35,period_1 player_787581711 team_559,False
2843888571,68.0,46.0,428,False,2nd 19:38:00 : missed by Bobby Durkin(Minnesota) 32-35,period_2 player_787581727 team_428,False
2843888573,6.0,49.0,559,True,2nd 19:20:00 : made by Trey Kaufman-Renn(Purdue) 32-37,period_2 player_787581711 team_559,False
2843888574,93.0,57.0,428,False,2nd 19:03:00 : missed by Langston Reynolds(Minnesota) 32-37,period_2 player_787581725 team_428,False
2843888576,25.0,14.0,559,False,2nd 18:58:00 : missed by Fletcher Loyer(Purdue) 32-37,period_2 player_787581712 team_559,False
2843888578,8.0,51.0,559,True,2nd 18:50:00 : made by Oscar Cluff(Purdue) 32-39,period_2 player_787581715 team_559,False
2843888582,92.0,45.0,428,False,2nd 18:06:00 : missed by Bobby Durkin(Minnesota) 32-39,period_2 player_787581727 team_428,False
2843888584,30.0,31.0,559,True,2nd 17:55:00 : made by Braden Smith(Purdue) 32-42,period_2 player_787581713 team_559,False
2843888585,81.0,67.0,428,False,2nd 17:38:00 : missed by Cade Tyson(Minnesota) 32-42,period_2 player_787581726 team_428,False
2843888587,32.0,45.0,559,True,2nd 17:26:00 : made by C.J. Cox(Purdue) 32-45,period_2 player_787581719 team_559,False
2843888592,10.0,40.0,559,True,2nd 17:00:00 : made by Fletcher Loyer(Purdue) 32-47,period_2 player_787581712 team_559,False
2843888598,13.0,5.0,559,True,2nd 16:58:00 : made by Fletcher Loyer(Purdue) 32-50,period_2 player_787581712 team_559,False
2843888600,68.0,54.0,428,False,2nd 16:33:00 : missed by Jaylen Crocker-Johnson(Minnesota) 32-50,period_2 player_787581728 team_428,False
2843888606,13.0,45.0,559,True,2nd 16:12:00 : made by Oscar Cluff(Purdue) 32-52,period_2 player_787581715 team_559,False
2843888613,73.0,85.0,428,False,2nd 15:22:00 : missed by Bobby Durkin(Minnesota) 32-52,period_2 player_787581727 team_428,False
2843888618,24.0,84.0,559,False,2nd 14:59:00 : missed by C.J. Cox(Purdue) 32-52,period_2 player_787581719 team_559,False
2843888620,9.0,44.0,559,False,2nd 14:55:00 : missed by Trey Kaufman-Renn(Purdue) 32-52,period_2 player_787581711 team_559,False
2843888622,8.0,49.0,559,True,2nd 14:52:00 : made by Daniel Jacobsen(Purdue) 32-54,period_2 player_787581720 team_559,False
2843888623,92.0,95.0,428,False,2nd 14:36:00 : missed by Kai Shinholster(Minnesota) 32-54,period_2 player_787581733 team_428,False
2843888626,91.0,56.0,428,False,2nd 14:15:00 : missed by Langston Reynolds(Minnesota) 32-54,period_2 player_787581725 team_428,False
2843888631,9.0,50.0,559,True,2nd 14:01:00 : made by Daniel Jacobsen(Purdue) 32-56,period_2 player_787581720 team_559,False
2843888633,77.0,50.0,428,True,2nd 13:42:00 : made by Cade Tyson(Minnesota) 34-56,period_2 player_787581726 team_428,False
2843888634,18.0,44.0,559,True,2nd 13:24:00 : made by Trey Kaufman-Renn(Purdue) 34-58,period_2 player_787581711 team_559,False
2843888636,89.0,48.0,428,False,2nd 13:07:00 : missed by Langston Reynolds(Minnesota) 34-58,period_2 player_787581725 team_428,False
2843888638,89.0,48.0,428,False,2nd 13:05:00 : missed by Cade Tyson(Minnesota) 34-58,period_2 player_787581726 team_428,False
2843888641,8.0,50.0,559,True,2nd 12:52:00 : made by Daniel Jacobsen(Purdue) 34-60,period_2 player_787581720 team_559,False
2843888646,17.0,51.0,559,True,2nd 12:20:00 : made by Trey Kaufman-Renn(Purdue) 34-62,period_2 player_787581711 team_559,False
2843888650,80.0,73.0,428,False,2nd 11:46:00 : missed by Jaylen Crocker-Johnson(Minnesota) 34-62,period_2 player_787581728 team_428,False
2843888652,14.0,52.0,559,True,2nd 11:26:00 : made by Trey Kaufman-Renn(Purdue) 34-64,period_2 player_787581711 team_559,False
2843888661,93.0,53.0,428,False,2nd 10:52:00 : missed by Kai Shinholster(Minnesota) 34-64,period_2 player_787581733 team_428,False
2843888664,85.0,74.0,428,False,2nd 10:42:00 : missed by Kai Shinholster(Minnesota) 34-64,period_2 player_787581733 team_428,False
2843888669,82.0,48.0,428,True,2nd 10:02:00 : made by Jaylen Crocker-Johnson(Minnesota) 36-64,period_2 player_787581728 team_428,False
2843888674,23.0,53.0,559,True,2nd 09:25:00 : made by Braden Smith(Purdue) 36-66,period_2 player_787581713 team_559,False
2843888675,92.0,46.0,428,True,2nd 09:12:00 : made by Kai Shinholster(Minnesota) 38-66,period_2 player_787581733 team_428,False
2843888677,9.0,95.0,559,True,2nd 08:57:00 : made by Gicarri Harris(Purdue) 38-69,period_2 player_787581717 team_559,False
2843888679,69.0,60.0,428,False,2nd 08:29:00 : missed by Jaylen Crocker-Johnson(Minnesota) 38-69,period_2 player_787581728 team_428,False
2843888681,73.0,19.0,428,False,2nd 08:07:00 : missed by Cade Tyson(Minnesota) 38-69,period_2 player_787581726 team_428,False
2843888695,92.0,55.0,428,True,2nd 07:37:00 : made by Cade Tyson(Minnesota) 40-70,period_2 player_787581726 team_428,False
2843888697,14.0,94.0,559,False,2nd 07:21:00 : missed by Jack Benter(Purdue) 40-70,period_2 player_787581718 team_559,False
2843888705,18.0,90.0,559,True,2nd 06:54:00 : made by Omer Mayer(Purdue) 42-73,period_2 player_787581722 team_559,False
2843888707,93.0,46.0,428,True,2nd 06:33:00 : made by Isaac Asuma(Minnesota) 44-73,period_2 player_787581730 team_428,False
2843888715,32.0,61.0,559,False,2nd 06:14:00 : missed by Gicarri Harris(Purdue) 44-73,period_2 player_787581717 team_559,False
2843888727,15.0,93.0,559,False,2nd 05:57:00 : missed by Omer Mayer(Purdue) 44-75,period_2 player_787581722 team_559,False
2843888735,67.0,55.0,428,True,2nd 05:35:00 : made by Jaylen Crocker-Johnson(Minnesota) 47-75,period_2 player_787581728 team_428,False
2843888737,9.0,45.0,559,True,2nd 05:15:00 : made by Gicarri Harris(Purdue) 47-77,period_2 player_787581717 team_559,False
2843888738,92.0,44.0,428,False,2nd 05:01:00 : missed by Langston Reynolds(Minnesota) 47-77,period_2 player_787581725 team_428,False
2843888750,30.0,68.0,559,False,2nd 04:28:00 : missed by Gicarri Harris(Purdue) 48-78,period_2 player_787581717 team_559,False
2843888752,10.0,48.0,559,False,2nd 04:24:00 : missed by Oscar Cluff(Purdue) 48-78,period_2 player_787581715 team_559,False
2843888754,69.0,26.0,428,False,2nd 04:15:00 : missed by Cade Tyson(Minnesota) 48-78,period_2 player_787581726 team_428,False
2843888756,17.0,71.0,559,True,2nd 03:54:00 : made by Omer Mayer(Purdue) 48-80,period_2 player_787581722 team_559,False
2843888757,73.0,79.0,428,False,2nd 03:38:00 : missed by Bobby Durkin(Minnesota) 48-80,period_2 player_787581727 team_428,False
2843888759,25.0,19.0,559,False,2nd 03:16:00 : missed by Omer Mayer(Purdue) 48-80,period_2 player_787581722 team_559,False
2843888761,74.0,80.0,428,True,2nd 02:57:00 : made by Langston Reynolds(Minnesota) 51-80,period_2 player_787581725 team_428,False
2843888763,31.0,65.0,559,True,2nd 02:35:00 : made by Liam Murphy(Purdue) 51-83,period_2 player_787581710 team_559,False
2843888788,10.0,52.0,559,False,2nd 01:20:00 : missed by Aaron Fine(Purdue) 55-83,period_2 player_787581721 team_559,False
2843888790,8.0,47.0,559,False,2nd 01:16:00 : missed by Daniel Jacobsen(Purdue) 55-83,period_2 player_787581720 team_559,False
2843888802,92.0,50.0,428,False,2nd 00:25:60 : missed by Nehemiah Turner(Minnesota) 57-85,period_2 player_787581729 team_428,False
2844432419,65.0,48.0,559,True,1st 19:48:00 : made by Fletcher Loyer(Purdue) 0-3,period_1 player_787623252 team_559,False
2844432425,74.0,17.0,559,False,1st 19:00:00 : missed by Braden Smith(Purdue) 0-3,period_1 player_787623254 team_559,False
2844432428,94.0,46.0,559,True,1st 18:55:00 : made by C.J. Cox(Purdue) 0-5,period_1 player_787623266 team_559,False
2844432434,8.0,47.0,387,False,1st 18:39:00 : missed by Chase Ross(Marquette) 0-5,period_1 player_787623276 team_387,False
2844432436,5.0,4.0,387,True,1st 18:19:00 : made by Adrien Stevens(Marquette) 3-5,period_1 player_787623297 team_387,False
2844432440,25.0,12.0,387,False,1st 17:44:00 : missed by Chase Ross(Marquette) 3-5,period_1 player_787623276 team_387,False
2844432442,84.0,41.0,559,False,1st 17:30:00 : missed by Trey Kaufman-Renn(Purdue) 3-5,period_1 player_787623249 team_559,False
2844432444,7.0,46.0,387,False,1st 17:11:00 : missed by Ben Gold(Marquette) 3-5,period_1 player_787623279 team_387,False
2844432458,66.0,41.0,559,False,1st 16:34:00 : missed by Fletcher Loyer(Purdue) 3-5,period_1 player_787623252 team_559,False
2844432469,91.0,50.0,559,True,1st 16:01:00 : made by Oscar Cluff(Purdue) 3-7,period_1 player_787623258 team_559,False
2844432471,24.0,83.0,387,False,1st 15:38:00 : missed by Royce Parham(Marquette) 3-7,period_1 player_787623292 team_387,False
2844432496,31.0,39.0,387,True,1st 15:13:00 : made by Ben Gold(Marquette) 6-7,period_1 player_787623279 team_387,False
2844432500,91.0,41.0,559,False,1st 14:45:00 : missed by Trey Kaufman-Renn(Purdue) 6-7,period_1 player_787623249 team_559,False
2844432505,7.0,4.0,387,False,1st 14:23:00 : missed by Ben Gold(Marquette) 6-7,period_1 player_787623279 team_387,False
2844432509,83.0,27.0,559,True,1st 14:09:00 : made by Braden Smith(Purdue) 6-9,period_1 player_787623254 team_559,False
2844432511,9.0,55.0,387,True,1st 13:49:00 : made by Chase Ross(Marquette) 8-9,period_1 player_787623276 team_387,False
2844432522,73.0,20.0,559,False,1st 13:24:00 : missed by Fletcher Loyer(Purdue) 8-9,period_1 player_787623252 team_559,False
2844432524,19.0,90.0,387,False,1st 13:16:00 : missed by Zaide Lowery(Marquette) 8-9,period_1 player_787623286 team_387,False
2844432526,83.0,58.0,559,False,1st 13:00:00 : missed by Braden Smith(Purdue) 8-9,period_1 player_787623254 team_559,False
2844432528,90.0,56.0,559,True,1st 12:53:00 : made by Fletcher Loyer(Purdue) 8-11,period_1 player_787623252 team_559,False
2844432546,85.0,6.0,559,False,1st 12:31:00 : missed by Gicarri Harris(Purdue) 8-12,period_1 player_787623262 team_559,False
2844432568,91.0,48.0,559,True,1st 11:57:00 : made by Gicarri Harris(Purdue) 8-14,period_1 player_787623262 team_559,False
2844432571,12.0,4.0,387,False,1st 11:47:00 : missed by Royce Parham(Marquette) 8-14,period_1 player_787623292 team_387,False
2844432589,87.0,49.0,559,True,1st 11:16:00 : made by Oscar Cluff(Purdue) 8-16,period_1 player_787623258 team_559,False
2844432607,9.0,49.0,387,False,1st 11:06:00 : missed by Zaide Lowery(Marquette) 8-17,period_1 player_787623286 team_387,False
2844432611,86.0,94.0,559,False,1st 10:58:00 : missed by Omer Mayer(Purdue) 8-17,period_1 player_787623271 team_559,False
2844432615,69.0,76.0,559,False,1st 10:42:00 : missed by Omer Mayer(Purdue) 8-17,period_1 player_787623271 team_559,False
2844432630,22.0,50.0,387,False,1st 10:19:00 : missed by Nigel James Jr.(Marquette) 8-19,period_1 player_787623294 team_387,False
2844432634,8.0,4.0,387,False,1st 10:07:00 : missed by Ben Gold(Marquette) 8-19,period_1 player_787623279 team_387,False
2844432640,76.0,49.0,559,True,1st 09:24:00 : made by Braden Smith(Purdue) 8-21,period_1 player_787623254 team_559,False
2844432642,9.0,47.0,387,True,1st 09:08:00 : made by Caedin Hamilton(Marquette) 10-21,period_1 player_787623284 team_387,False
2844432650,93.0,53.0,559,True,1st 08:46:00 : made by Daniel Jacobsen(Purdue) 10-23,period_1 player_787623267 team_559,False
2844432652,9.0,45.0,387,True,1st 08:29:00 : made by Royce Parham(Marquette) 12-23,period_1 player_787623292 team_387,False
2844432655,84.0,46.0,559,True,1st 08:12:00 : made by Daniel Jacobsen(Purdue) 12-25,period_1 player_787623267 team_559,False
2844432669,7.0,45.0,387,True,1st 07:39:00 : made by Ben Gold(Marquette) 14-25,period_1 player_787623279 team_387,False
2844432673,92.0,51.0,559,False,1st 07:15:00 : missed by Daniel Jacobsen(Purdue) 14-25,period_1 player_787623267 team_559,False
2844432678,93.0,51.0,559,False,1st 07:11:00 : missed by Daniel Jacobsen(Purdue) 14-25,period_1 player_787623267 team_559,False
2844432688,8.0,47.0,387,False,1st 06:51:00 : missed by Royce Parham(Marquette) 14-25,period_1 player_787623292 team_387,False
2844432698,10.0,45.0,387,False,1st 06:46:00 : missed by Chase Ross(Marquette) 14-25,period_1 player_787623276 team_387,False
2844432702,86.0,47.0,559,True,1st 06:29:00 : made by Trey Kaufman-Renn(Purdue) 14-27,period_1 player_787623249 team_559,False
2844432711,74.0,81.0,559,False,1st 05:57:00 : missed by Fletcher Loyer(Purdue) 14-27,period_1 player_787623252 team_559,False
2844432730,17.0,49.0,387,True,1st 05:43:00 : made by Royce Parham(Marquette) 16-27,period_1 player_787623292 team_387,False
2844432734,92.0,44.0,559,False,1st 05:18:00 : missed by C.J. Cox(Purdue) 16-27,period_1 player_787623266 team_559,False
2844432745,19.0,48.0,387,False,1st 05:00:00 : missed by Chase Ross(Marquette) 16-27,period_1 player_787623276 team_387,False
2844432763,25.0,79.0,387,True,1st 04:15:00 : made by Royce Parham(Marquette) 19-28,period_1 player_787623292 team_387,False
2844432775,27.0,78.0,387,False,1st 03:31:00 : missed by Adrien Stevens(Marquette) 19-28,period_1 player_787623297 team_387,False
2844432779,82.0,70.0,559,True,1st 03:16:00 : made by Braden Smith(Purdue) 19-30,period_1 player_787623254 team_559,False
2844432785,93.0,52.0,559,True,1st 02:59:00 : made by Gicarri Harris(Purdue) 19-32,period_1 player_787623262 team_559,False
2844432789,28.0,74.0,387,False,1st 02:41:00 : missed by Sean Jones(Marquette) 19-32,period_1 player_787623281 team_387,False
2844432793,87.0,50.0,559,True,1st 02:25:00 : made by Oscar Cluff(Purdue) 19-34,period_1 player_787623258 team_559,False
2844432795,9.0,40.0,387,False,1st 02:11:00 : missed by Royce Parham(Marquette) 19-34,period_1 player_787623292 team_387,False
2844432813,22.0,13.0,387,False,1st 01:33:00 : missed by Sean Jones(Marquette) 19-34,period_1 player_787623281 team_387,False
2844432817,91.0,95.0,559,True,1st 01:22:00 : made by Fletcher Loyer(Purdue) 19-37,period_1 player_787623252 team_559,False
2844432834,33.0,58.0,387,False,1st 01:06:00 : missed by Ben Gold(Marquette) 19-37,period_1 player_787623279 team_387,False
2844432838,7.0,57.0,387,False,1st 00:55:70 : missed by Nigel James Jr.(Marquette) 19-37,period_1 player_787623294 team_387,False
2844432843,95.0,94.0,559,False,1st 00:29:10 : missed by Omer Mayer(Purdue) 19-37,period_1 player_787623271 team_559,False
2844432860,28.0,22.0,387,False,1st 00:06:10 : missed by Zaide Lowery(Marquette) 19-37,period_1 player_787623286 team_387,False
2844432864,9.0,43.0,387,True,1st 00:01:70 : made by Ben Gold(Marquette) 21-37,period_1 player_787623279 team_387,False
2844432916,74.0,17.0,387,False,2nd 19:49:00 : missed by Chase Ross(Marquette) 21-37,period_2 player_787623276 team_387,False
2844432919,7.0,4.0,559,True,2nd 19:26:00 : made by C.J. Cox(Purdue) 21-40,period_2 player_787623266 team_559,False
2844432923,93.0,54.0,387,False,2nd 19:04:00 : missed by Ben Gold(Marquette) 21-40,period_2 player_787623279 team_387,False
2844432930,91.0,48.0,387,False,2nd 19:00:00 : missed by Caedin Hamilton(Marquette) 21-40,period_2 player_787623284 team_387,False
2844432937,87.0,45.0,387,False,2nd 18:51:00 : missed by Chase Ross(Marquette) 21-40,period_2 player_787623276 team_387,False
2844432941,94.0,50.0,387,True,2nd 18:48:00 : made by Adrien Stevens(Marquette) 23-40,period_2 player_787623297 team_387,False
2844432953,11.0,52.0,559,True,2nd 18:30:00 : made by Oscar Cluff(Purdue) 24-42,period_2 player_787623258 team_559,False
2844432967,4.0,4.0,559,False,2nd 18:03:00 : missed by C.J. Cox(Purdue) 25-43,period_2 player_787623266 team_559,False
2844432971,74.0,82.0,387,False,2nd 17:53:00 : missed by Ben Gold(Marquette) 25-43,period_2 player_787623279 team_387,False
2844432975,67.0,31.0,387,False,2nd 17:41:00 : missed by Adrien Stevens(Marquette) 25-43,period_2 player_787623297 team_387,False
2844432979,8.0,33.0,559,False,2nd 17:13:00 : missed by Trey Kaufman-Renn(Purdue) 25-43,period_2 player_787623249 team_559,False
2844432983,7.0,53.0,559,True,2nd 17:09:00 : made by Oscar Cluff(Purdue) 25-45,period_2 player_787623258 team_559,False
2844433004,11.0,52.0,559,True,2nd 16:36:00 : made by Oscar Cluff(Purdue) 26-47,period_2 player_787623258 team_559,False
2844433012,8.0,46.0,559,True,2nd 16:10:00 : made by Oscar Cluff(Purdue) 26-49,period_2 player_787623258 team_559,False
2844433016,83.0,6.0,387,True,2nd 15:41:00 : made by Royce Parham(Marquette) 29-49,period_2 player_787623292 team_387,False
2844433020,31.0,64.0,559,False,2nd 15:20:00 : missed by Braden Smith(Purdue) 29-49,period_2 player_787623254 team_559,False
2844433024,8.0,47.0,559,True,2nd 15:17:00 : made by Oscar Cluff(Purdue) 29-51,period_2 player_787623258 team_559,False
2844433026,93.0,54.0,387,False,2nd 15:00:00 : missed by Royce Parham(Marquette) 29-51,period_2 player_787623292 team_387,False
2844433032,9.0,46.0,559,True,2nd 14:50:00 : made by Oscar Cluff(Purdue) 29-53,period_2 player_787623258 team_559,False
2844433066,7.0,54.0,559,False,2nd 14:14:00 : missed by Daniel Jacobsen(Purdue) 31-53,period_2 player_787623267 team_559,False
2844433070,76.0,15.0,387,False,2nd 14:06:00 : missed by Nigel James Jr.(Marquette) 31-53,period_2 player_787623294 team_387,False
2844433079,5.0,5.0,559,True,2nd 13:42:00 : made by Jack Benter(Purdue) 31-56,period_2 player_787623264 team_559,False
2844433091,93.0,53.0,387,True,2nd 12:55:00 : made by Royce Parham(Marquette) 33-56,period_2 player_787623292 team_387,False
2844433103,22.0,15.0,559,False,2nd 12:31:00 : missed by Daniel Jacobsen(Purdue) 33-56,period_2 player_787623267 team_559,False
2844433107,70.0,68.0,387,False,2nd 12:22:00 : missed by Zaide Lowery(Marquette) 33-56,period_2 player_787623286 team_387,False
2844433116,29.0,72.0,559,True,2nd 12:06:00 : made by Fletcher Loyer(Purdue) 33-59,period_2 player_787623252 team_559,False
2844433120,84.0,50.0,387,False,2nd 11:50:00 : missed by Royce Parham(Marquette) 33-59,period_2 player_787623292 team_387,False
2844433124,94.0,42.0,387,False,2nd 11:46:00 : missed by Royce Parham(Marquette) 33-59,period_2 player_787623292 team_387,False
2844433130,30.0,65.0,559,False,2nd 11:39:00 : missed by Fletcher Loyer(Purdue) 33-59,period_2 player_787623252 team_559,False
2844433154,72.0,76.0,387,True,2nd 11:16:00 : made by Chase Ross(Marquette) 36-59,period_2 player_787623276 team_387,False
2844433162,79.0,64.0,387,True,2nd 10:32:00 : made by Chase Ross(Marquette) 38-61,period_2 player_787623276 team_387,False
2844433163,9.0,49.0,559,True,2nd 10:07:00 : made by Trey Kaufman-Renn(Purdue) 38-63,period_2 player_787623249 team_559,False
2844433165,90.0,50.0,387,False,2nd 09:46:00 : missed by Nigel James Jr.(Marquette) 38-63,period_2 player_787623294 team_387,False
2844433217,7.0,95.0,559,True,2nd 08:15:00 : made by Omer Mayer(Purdue) 39-68,period_2 player_787623271 team_559,False
2844433242,27.0,17.0,559,False,2nd 07:31:00 : missed by C.J. Cox(Purdue) 40-68,period_2 player_787623266 team_559,False
2844433248,9.0,48.0,559,False,2nd 07:26:00 : missed by Jack Benter(Purdue) 40-68,period_2 player_787623264 team_559,False
2844433268,5.0,96.0,559,False,2nd 07:21:00 : missed by Daniel Jacobsen(Purdue) 40-68,period_2 player_787623267 team_559,False
2844433272,76.0,84.0,387,True,2nd 07:06:00 : made by Michael Phillips II(Marquette) 43-68,period_2 player_787623295 team_387,False
2844433277,10.0,43.0,559,False,2nd 06:37:00 : missed by Trey Kaufman-Renn(Purdue) 43-68,period_2 player_787623249 team_559,False
2844433283,17.0,67.0,559,True,2nd 06:32:00 : made by Trey Kaufman-Renn(Purdue) 43-70,period_2 player_787623249 team_559,False
2844433287,74.0,16.0,387,False,2nd 06:17:00 : missed by Royce Parham(Marquette) 43-70,period_2 player_787623292 team_387,False
2844433295,68.0,45.0,387,False,2nd 06:04:00 : missed by Sean Jones(Marquette) 43-70,period_2 player_787623281 team_387,False
2844433304,82.0,27.0,387,False,2nd 05:43:00 : missed by Sean Jones(Marquette) 43-70,period_2 player_787623281 team_387,False
2844433308,94.0,50.0,387,True,2nd 05:36:00 : made by Caedin Hamilton(Marquette) 45-70,period_2 player_787623284 team_387,False
2844433310,5.0,13.0,559,True,2nd 05:06:00 : made by Omer Mayer(Purdue) 45-72,period_2 player_787623271 team_559,False
2844433314,78.0,12.0,387,False,2nd 04:54:00 : missed by Sean Jones(Marquette) 45-72,period_2 player_787623281 team_387,False
2844433319,92.0,44.0,387,True,2nd 04:51:00 : made by Damarius Owens(Marquette) 47-72,period_2 player_787623290 team_387,False
2844433321,6.0,95.0,559,True,2nd 04:34:00 : made by Fletcher Loyer(Purdue) 47-75,period_2 player_787623252 team_559,False
2844433365,71.0,70.0,387,True,2nd 03:35:00 : made by Royce Parham(Marquette) 50-77,period_2 player_787623292 team_387,False
2844433369,28.0,25.0,559,False,2nd 03:11:00 : missed by Gicarri Harris(Purdue) 50-77,period_2 player_787623262 team_559,False
2844433373,86.0,95.0,387,False,2nd 02:57:00 : missed by Damarius Owens(Marquette) 50-77,period_2 player_787623290 team_387,False
2844433398,85.0,48.0,387,False,2nd 02:29:00 : missed by Nigel James Jr.(Marquette) 52-77,period_2 player_787623294 team_387,False
2844433402,83.0,93.0,387,False,2nd 02:24:00 : missed by Michael Phillips II(Marquette) 52-77,period_2 player_787623295 team_387,False
2844433406,84.0,60.0,387,True,2nd 02:14:00 : made by Royce Parham(Marquette) 54-77,period_2 player_787623292 team_387,False
2844433418,88.0,95.0,387,False,2nd 01:37:00 : missed by Damarius Owens(Marquette) 54-77,period_2 player_787623290 team_387,False
2844433422,7.0,96.0,559,False,2nd 01:18:00 : missed by Liam Murphy(Purdue) 54-77,period_2 player_787623246 team_559,False
2844433447,71.0,25.0,387,True,2nd 00:31:60 : made by Michael Phillips II(Marquette) 59-77,period_2 player_787623295 team_387,False
2844433451,10.0,43.0,559,True,2nd 00:05:60 : made by Jack Benter(Purdue) 59-79,period_2 player_787623264 team_559,False
2844433453,67.0,48.0,387,False,2nd 00:00:80 : missed by Nigel James Jr.(Marquette) 59-79,period_2 player_787623294 team_387,False
2846031614,28.0,22.0,559,False,1st 19:32:00 : missed by Fletcher Loyer(Purdue) 0-0,period_1 player_787720918 team_559,False
2846031616,82.0,9.0,37,False,1st 19:08:00 : missed by Kevin Overton(Auburn) 0-0,period_1 player_787720930 team_37,False
2846031618,7.0,56.0,559,True,1st 18:57:00 : made by Oscar Cluff(Purdue) 0-2,period_1 player_787720920 team_559,False
2846031620,68.0,26.0,37,True,1st 18:33:00 : made by Keyshawn Hall(Auburn) 3-2,period_1 player_787720929 team_37,False
2846031621,19.0,48.0,559,True,1st 17:58:00 : made by Fletcher Loyer(Purdue) 3-4,period_1 player_787720918 team_559,False
2846031622,85.0,45.0,37,True,1st 17:29:00 : made by KeShawn Murphy(Auburn) 5-4,period_1 player_787720928 team_37,False
2846031624,8.0,54.0,559,True,1st 17:10:00 : made by Trey Kaufman-Renn(Purdue) 5-6,period_1 player_787720917 team_559,False
2846031626,90.0,50.0,37,True,1st 16:48:00 : made by KeShawn Murphy(Auburn) 7-6,period_1 player_787720928 team_37,False
2846031628,10.0,4.0,559,True,1st 16:29:00 : made by C.J. Cox(Purdue) 7-9,period_1 player_787720923 team_559,False
2846031630,65.0,46.0,37,False,1st 15:54:00 : missed by Tahaad Pettiford(Auburn) 7-9,period_1 player_787720931 team_37,False
2846031632,32.0,37.0,559,False,1st 15:47:00 : missed by C.J. Cox(Purdue) 7-9,period_1 player_787720923 team_559,False
2846031634,29.0,78.0,559,True,1st 15:43:00 : made by C.J. Cox(Purdue) 7-12,period_1 player_787720923 team_559,False
2846031636,91.0,50.0,37,False,1st 15:19:00 : missed by KeShawn Murphy(Auburn) 7-12,period_1 player_787720928 team_37,False
2846031638,31.0,15.0,559,False,1st 15:12:00 : missed by Fletcher Loyer(Purdue) 7-12,period_1 player_787720918 team_559,False
2846031640,89.0,53.0,37,False,1st 15:05:00 : missed by Tahaad Pettiford(Auburn) 7-12,period_1 player_787720931 team_37,False
2846031651,32.0,22.0,559,False,1st 14:41:00 : missed by Braden Smith(Purdue) 7-12,period_1 player_787720919 team_559,False
2846031653,82.0,78.0,37,True,1st 14:32:00 : made by Tahaad Pettiford(Auburn) 9-12,period_1 player_787720931 team_37,False
2846031655,21.0,6.0,559,False,1st 14:11:00 : missed by C.J. Cox(Purdue) 9-12,period_1 player_787720923 team_559,False
2846031659,18.0,40.0,559,False,1st 14:04:00 : missed by Trey Kaufman-Renn(Purdue) 9-12,period_1 player_787720917 team_559,False
2846031661,72.0,75.0,37,False,1st 13:56:00 : missed by Keyshawn Hall(Auburn) 9-12,period_1 player_787720929 team_37,False
2846031668,93.0,96.0,37,False,1st 13:28:00 : missed by Tahaad Pettiford(Auburn) 9-12,period_1 player_787720931 team_37,False
2846031670,91.0,53.0,37,False,1st 13:23:00 : missed by Elyjah Freeman(Auburn) 9-12,period_1 player_787720932 team_37,False
2846031675,24.0,25.0,559,False,1st 13:12:00 : missed by Fletcher Loyer(Purdue) 9-12,period_1 player_787720918 team_559,False
2846031677,15.0,51.0,559,True,1st 13:06:00 : made by Daniel Jacobsen(Purdue) 9-14,period_1 player_787720924 team_559,False
2846031679,92.0,56.0,37,False,1st 12:45:00 : missed by Filip Jovic(Auburn) 9-14,period_1 player_787720934 team_37,False
2846031681,94.0,50.0,37,False,1st 12:42:00 : missed by Elyjah Freeman(Auburn) 9-14,period_1 player_787720932 team_37,False
2846031683,21.0,85.0,559,True,1st 12:37:00 : made by Gicarri Harris(Purdue) 9-17,period_1 player_787720921 team_559,False
2846031691,20.0,43.0,559,False,1st 11:59:00 : missed by Trey Kaufman-Renn(Purdue) 11-17,period_1 player_787720917 team_559,False
2846031693,10.0,48.0,559,False,1st 11:52:00 : missed by Gicarri Harris(Purdue) 11-17,period_1 player_787720921 team_559,False
2846031695,93.0,52.0,37,True,1st 11:30:00 : made by Keyshawn Hall(Auburn) 13-17,period_1 player_787720929 team_37,False
2846031704,7.0,39.0,559,True,1st 10:56:00 : made by Trey Kaufman-Renn(Purdue) 13-19,period_1 player_787720917 team_559,False
2846031705,93.0,3.0,37,False,1st 10:30:00 : missed by Keyshawn Hall(Auburn) 13-19,period_1 player_787720929 team_37,False
2846031718,32.0,50.0,559,True,1st 10:11:00 : made by Jack Benter(Purdue) 14-22,period_1 player_787720922 team_559,False
2846031720,74.0,20.0,37,True,1st 09:48:00 : made by Kevin Overton(Auburn) 17-22,period_1 player_787720930 team_37,False
2846031731,86.0,52.0,37,False,1st 09:03:00 : missed by Sebastian Williams-Adams(Auburn) 17-24,period_1 player_787720935 team_37,False
2846031733,94.0,50.0,37,False,1st 09:00:00 : missed by Kevin Overton(Auburn) 17-24,period_1 player_787720930 team_37,False
2846031735,86.0,51.0,37,False,1st 08:58:00 : missed by Sebastian Williams-Adams(Auburn) 17-24,period_1 player_787720935 team_37,False
2846031744,22.0,32.0,559,False,1st 08:38:00 : missed by Omer Mayer(Purdue) 17-24,period_1 player_787720925 team_559,False
2846031746,8.0,43.0,559,True,1st 08:32:00 : made by Oscar Cluff(Purdue) 17-26,period_1 player_787720920 team_559,False
2846031747,78.0,36.0,37,True,1st 08:21:00 : made by Kaden Magwood(Auburn) 19-26,period_1 player_787720933 team_37,False
2846031754,7.0,54.0,559,True,1st 07:54:00 : made by Fletcher Loyer(Purdue) 19-28,period_1 player_787720918 team_559,False
2846031755,78.0,60.0,37,True,1st 07:21:00 : made by Kevin Overton(Auburn) 21-28,period_1 player_787720930 team_37,False
2846031770,10.0,43.0,559,True,1st 06:17:00 : made by Trey Kaufman-Renn(Purdue) 22-30,period_1 player_787720917 team_559,False
2846031772,92.0,44.0,37,True,1st 05:47:00 : made by Keyshawn Hall(Auburn) 24-30,period_1 player_787720929 team_37,False
2846031773,16.0,51.0,559,True,1st 05:28:00 : made by Braden Smith(Purdue) 24-32,period_1 player_787720919 team_559,False
2846031784,69.0,59.0,37,False,1st 04:19:00 : missed by Kevin Overton(Auburn) 24-34,period_1 player_787720930 team_37,False
2846031786,6.0,96.0,559,False,1st 03:51:00 : missed by Fletcher Loyer(Purdue) 24-34,period_1 player_787720918 team_559,False
2846031788,26.0,20.0,559,True,1st 03:46:00 : made by C.J. Cox(Purdue) 24-37,period_1 player_787720923 team_559,False
2846031790,72.0,16.0,37,True,1st 03:30:00 : made by Kevin Overton(Auburn) 27-37,period_1 player_787720930 team_37,False
2846031794,91.0,54.0,37,False,1st 02:46:00 : missed by Filip Jovic(Auburn) 27-37,period_1 player_787720934 team_37,False
2846031802,91.0,56.0,37,True,1st 02:22:00 : made by Kevin Overton(Auburn) 29-39,period_1 player_787720930 team_37,False
2846031803,7.0,5.0,559,True,1st 02:04:00 : made by C.J. Cox(Purdue) 29-42,period_1 player_787720923 team_559,False
2846031809,64.0,46.0,37,False,1st 01:38:00 : missed by Kevin Overton(Auburn) 29-42,period_1 player_787720930 team_37,False
2846031811,9.0,46.0,559,True,1st 01:18:00 : made by Trey Kaufman-Renn(Purdue) 29-44,period_1 player_787720917 team_559,False
2846031812,93.0,50.0,37,False,1st 01:02:00 : missed by Filip Jovic(Auburn) 29-44,period_1 player_787720934 team_37,False
2846031821,6.0,46.0,559,True,1st 00:37:40 : made by Oscar Cluff(Purdue) 30-46,period_1 player_787720920 team_559,False
2846031823,94.0,49.0,37,True,1st 00:02:10 : made by Elyjah Freeman(Auburn) 32-46,period_1 player_787720932 team_37,False
2846031832,80.0,43.0,559,True,2nd 19:45:00 : made by Trey Kaufman-Renn(Purdue) 32-48,period_2 player_787720917 team_559,False
2846031833,11.0,64.0,37,False,2nd 19:22:00 : missed by Keyshawn Hall(Auburn) 32-48,period_2 player_787720929 team_37,False
2846031842,10.0,64.0,37,True,2nd 18:50:00 : made by Keyshawn Hall(Auburn) 34-50,period_2 player_787720929 team_37,False
2846031848,94.0,56.0,559,True,2nd 18:17:00 : made by C.J. Cox(Purdue) 34-52,period_2 player_787720923 team_559,False
2846031855,88.0,29.0,559,False,2nd 17:23:00 : missed by Braden Smith(Purdue) 35-52,period_2 player_787720919 team_559,False
2846031857,82.0,10.0,559,True,2nd 17:17:00 : made by Braden Smith(Purdue) 35-55,period_2 player_787720919 team_559,False
2846031859,33.0,39.0,37,True,2nd 17:03:00 : made by Tahaad Pettiford(Auburn) 38-55,period_2 player_787720931 team_37,False
2846031861,83.0,91.0,559,False,2nd 16:45:00 : missed by Fletcher Loyer(Purdue) 38-55,period_2 player_787720918 team_559,False
2846031867,32.0,67.0,37,False,2nd 16:32:00 : missed by Tahaad Pettiford(Auburn) 38-55,period_2 player_787720931 team_37,False
2846031872,8.0,53.0,37,True,2nd 16:16:00 : made by Kevin Overton(Auburn) 40-55,period_2 player_787720930 team_37,False
2846031873,90.0,50.0,559,False,2nd 15:53:00 : missed by Oscar Cluff(Purdue) 40-55,period_2 player_787720920 team_559,False
2846031884,92.0,48.0,559,True,2nd 15:41:00 : made by Daniel Jacobsen(Purdue) 40-57,period_2 player_787720924 team_559,False
2846031889,18.0,52.0,37,False,2nd 15:03:00 : missed by Elyjah Freeman(Auburn) 40-57,period_2 player_787720932 team_37,False
2846031899,30.0,64.0,37,False,2nd 14:16:00 : missed by Elyjah Freeman(Auburn) 40-59,period_2 player_787720932 team_37,False
2846031901,68.0,49.0,559,False,2nd 14:10:00 : missed by Braden Smith(Purdue) 40-59,period_2 player_787720919 team_559,False
2846031903,93.0,61.0,559,False,2nd 14:04:00 : missed by Daniel Jacobsen(Purdue) 40-59,period_2 player_787720924 team_559,False
2846031905,16.0,7.0,37,True,2nd 13:52:00 : made by Kevin Overton(Auburn) 43-59,period_2 player_787720930 team_37,False
2846031907,66.0,35.0,559,True,2nd 13:32:00 : made by Jack Benter(Purdue) 43-62,period_2 player_787720922 team_559,False
2846031909,10.0,41.0,37,True,2nd 13:14:00 : made by Kevin Overton(Auburn) 45-62,period_2 player_787720930 team_37,False
2846031912,13.0,96.0,37,False,2nd 12:51:00 : missed by Kevin Overton(Auburn) 45-62,period_2 player_787720930 team_37,False
2846031914,93.0,96.0,559,False,2nd 12:44:00 : missed by C.J. Cox(Purdue) 45-62,period_2 player_787720923 team_559,False
2846031925,30.0,32.0,37,False,2nd 12:22:00 : missed by Tahaad Pettiford(Auburn) 45-62,period_2 player_787720931 team_37,False
2846031927,71.0,81.0,559,False,2nd 11:51:00 : missed by Fletcher Loyer(Purdue) 45-62,period_2 player_787720918 team_559,False
2846031935,8.0,20.0,37,False,2nd 11:36:00 : missed by Kevin Overton(Auburn) 45-62,period_2 player_787720930 team_37,False
2846031937,89.0,68.0,559,True,2nd 11:19:00 : made by Trey Kaufman-Renn(Purdue) 45-64,period_2 player_787720917 team_559,False
2846031941,17.0,5.0,37,False,2nd 10:54:00 : missed by Elyjah Freeman(Auburn) 45-64,period_2 player_787720932 team_37,False
2846031945,11.0,6.0,37,True,2nd 10:35:00 : made by Keyshawn Hall(Auburn) 48-64,period_2 player_787720929 team_37,False
2846031947,77.0,16.0,559,True,2nd 10:14:00 : made by Gicarri Harris(Purdue) 48-67,period_2 player_787720921 team_559,False
2846031949,20.0,94.0,37,False,2nd 09:52:00 : missed by Kevin Overton(Auburn) 48-67,period_2 player_787720930 team_37,False
2846031953,90.0,3.0,559,True,2nd 09:28:00 : made by Gicarri Harris(Purdue) 48-70,period_2 player_787720921 team_559,False
2846031955,14.0,94.0,37,True,2nd 09:18:00 : made by Kevin Overton(Auburn) 51-70,period_2 player_787720930 team_37,False
2846031962,90.0,61.0,559,False,2nd 09:02:00 : missed by Trey Kaufman-Renn(Purdue) 51-70,period_2 player_787720917 team_559,False
2846031965,32.0,50.0,37,False,2nd 08:38:00 : missed by Kaden Magwood(Auburn) 51-70,period_2 player_787720933 team_37,False
2846031967,71.0,77.0,559,True,2nd 08:13:00 : made by Gicarri Harris(Purdue) 51-73,period_2 player_787720921 team_559,False
2846031973,93.0,45.0,559,False,2nd 07:46:00 : missed by Oscar Cluff(Purdue) 53-73,period_2 player_787720920 team_559,False
2846031975,94.0,50.0,559,False,2nd 07:43:00 : missed by Oscar Cluff(Purdue) 53-73,period_2 player_787720920 team_559,False
2846031979,69.0,31.0,559,False,2nd 07:28:00 : missed by Gicarri Harris(Purdue) 53-73,period_2 player_787720921 team_559,False
2846031981,6.0,48.0,37,True,2nd 06:58:00 : made by Sebastian Williams-Adams(Auburn) 55-73,period_2 player_787720935 team_37,False
2846031983,76.0,14.0,559,False,2nd 06:39:00 : missed by Gicarri Harris(Purdue) 55-73,period_2 player_787720921 team_559,False
2846031994,10.0,55.0,37,False,2nd 06:13:00 : missed by Keyshawn Hall(Auburn) 55-73,period_2 player_787720929 team_37,False
2846031997,92.0,45.0,559,True,2nd 05:54:00 : made by Trey Kaufman-Renn(Purdue) 55-75,period_2 player_787720917 team_559,False
2846031998,11.0,97.0,37,False,2nd 05:40:00 : missed by Keyshawn Hall(Auburn) 55-75,period_2 player_787720929 team_37,False
2846032002,26.0,16.0,37,False,2nd 05:30:00 : missed by Kevin Overton(Auburn) 55-75,period_2 player_787720930 team_37,False
2846032004,6.0,54.0,37,False,2nd 05:26:00 : missed by KeShawn Murphy(Auburn) 55-75,period_2 player_787720928 team_37,False
2846032008,68.0,77.0,559,False,2nd 05:14:00 : missed by Fletcher Loyer(Purdue) 55-75,period_2 player_787720918 team_559,False
2846032010,10.0,30.0,37,False,2nd 05:02:00 : missed by Kevin Overton(Auburn) 55-75,period_2 player_787720930 team_37,False
2846032012,92.0,56.0,559,True,2nd 04:45:00 : made by Trey Kaufman-Renn(Purdue) 55-77,period_2 player_787720917 team_559,False
2846032013,7.0,48.0,37,False,2nd 04:29:00 : missed by Filip Jovic(Auburn) 55-77,period_2 player_787720934 team_37,False
2846032015,77.0,89.0,559,False,2nd 04:09:00 : missed by Fletcher Loyer(Purdue) 55-77,period_2 player_787720918 team_559,False
2846032020,22.0,75.0,37,False,2nd 03:46:00 : missed by Kaden Magwood(Auburn) 55-77,period_2 player_787720933 team_37,False
2846032022,90.0,52.0,559,False,2nd 03:28:00 : missed by Trey Kaufman-Renn(Purdue) 55-77,period_2 player_787720917 team_559,False
2846032024,86.0,44.0,559,True,2nd 03:16:00 : made by Trey Kaufman-Renn(Purdue) 55-79,period_2 player_787720917 team_559,False
2846032025,15.0,6.0,37,False,2nd 02:59:00 : missed by Kevin Overton(Auburn) 55-79,period_2 player_787720930 team_37,False
2846032039,74.0,80.0,559,True,2nd 02:33:00 : made by Jack Benter(Purdue) 55-82,period_2 player_787720922 team_559,False
2846032041,18.0,92.0,37,False,2nd 02:06:00 : missed by Keyshawn Hall(Auburn) 55-82,period_2 player_787720929 team_37,False
2846032047,94.0,50.0,559,True,2nd 01:46:00 : made by Jack Benter(Purdue) 55-84,period_2 player_787720922 team_559,False
2846032060,93.0,47.0,559,True,2nd 00:50:90 : made by Omer Mayer(Purdue) 58-86,period_2 player_787720925 team_559,False
2846032061,9.0,53.0,37,True,2nd 00:36:60 : made by Filip Jovic(Auburn) 60-86,period_2 player_787720934 team_37,False
2846032063,83.0,45.0,559,True,2nd 00:19:60 : made by Omer Mayer(Purdue) 60-88,period_2 player_787720925 team_559,False
2846032064,12.0,28.0,37,False,2nd 00:03:50 : missed by Sebastian Williams-Adams(Auburn) 60-88,period_2 player_787720935 team_37,False
2846744581,11.0,18.0,331,False,1st 19:41:00 : missed by Delrecco Gillespie(Kent St.) 0-0,period_1 player_787774494 team_331,False
2846744583,85.0,51.0,559,False,1st 19:29:00 : missed by Trey Kaufman-Renn(Purdue) 0-0,period_1 player_787774477 team_559,False
2846744585,86.0,46.0,559,False,1st 19:21:00 : missed by Trey Kaufman-Renn(Purdue) 0-0,period_1 player_787774477 team_559,False
2846744587,17.0,49.0,331,False,1st 19:02:00 : missed by Morgan Safford(Kent St.) 0-0,period_1 player_787774491 team_331,False
2846744589,89.0,4.0,559,False,1st 18:50:00 : missed by Fletcher Loyer(Purdue) 0-0,period_1 player_787774478 team_559,False
2846744591,6.0,95.0,331,False,1st 18:27:00 : missed by Rob Whaley Jr.(Kent St.) 0-0,period_1 player_787774497 team_331,False
2846744593,94.0,23.0,559,True,1st 18:16:00 : made by Braden Smith(Purdue) 0-2,period_1 player_787774479 team_559,False
2846744600,89.0,22.0,559,True,1st 17:41:00 : made by Trey Kaufman-Renn(Purdue) 2-4,period_1 player_787774477 team_559,False
2846744605,81.0,53.0,559,True,1st 17:19:00 : made by Trey Kaufman-Renn(Purdue) 2-6,period_1 player_787774477 team_559,False
2846744609,73.0,20.0,559,True,1st 16:55:00 : made by Fletcher Loyer(Purdue) 2-9,period_1 player_787774478 team_559,False
2846744611,5.0,15.0,331,True,1st 16:38:00 : made by Jahari Williamson(Kent St.) 4-9,period_1 player_787774496 team_331,False
2846744624,18.0,91.0,331,True,1st 15:48:00 : made by Quinn Woidke(Kent St.) 7-9,period_1 player_787774501 team_331,False
2846744626,77.0,10.0,559,False,1st 15:21:00 : missed by Fletcher Loyer(Purdue) 7-9,period_1 player_787774478 team_559,False
2846744628,30.0,72.0,331,False,1st 15:13:00 : missed by Quinn Woidke(Kent St.) 7-9,period_1 player_787774501 team_331,False
2846744630,77.0,53.0,559,True,1st 14:50:00 : made by Braden Smith(Purdue) 7-11,period_1 player_787774479 team_559,False
2846744631,15.0,26.0,331,True,1st 14:32:00 : made by Quinn Woidke(Kent St.) 9-11,period_1 player_787774501 team_331,False
2846744632,79.0,28.0,559,True,1st 14:14:00 : made by Braden Smith(Purdue) 9-13,period_1 player_787774479 team_559,False
2846744633,12.0,4.0,331,False,1st 13:55:00 : missed by Quinn Woidke(Kent St.) 9-13,period_1 player_787774501 team_331,False
2846744635,93.0,52.0,559,True,1st 13:46:00 : made by Fletcher Loyer(Purdue) 9-15,period_1 player_787774478 team_559,False
2846744642,21.0,89.0,331,True,1st 13:25:00 : made by Delrecco Gillespie(Kent St.) 12-15,period_1 player_787774494 team_331,False
2846744644,68.0,74.0,559,False,1st 13:02:00 : missed by Fletcher Loyer(Purdue) 12-15,period_1 player_787774478 team_559,False
2846744650,67.0,46.0,559,True,1st 12:50:00 : made by Fletcher Loyer(Purdue) 12-18,period_1 player_787774478 team_559,False
2846744658,92.0,53.0,559,True,1st 12:16:00 : made by Fletcher Loyer(Purdue) 12-20,period_1 player_787774478 team_559,False
2846744660,23.0,44.0,331,False,1st 12:02:00 : missed by Dezmon Briscoe(Kent St.) 12-20,period_1 player_787774499 team_331,False
2846744662,72.0,75.0,559,False,1st 11:55:00 : missed by Braden Smith(Purdue) 12-20,period_1 player_787774479 team_559,False
2846744664,7.0,72.0,331,False,1st 11:34:00 : missed by Rob Whaley Jr.(Kent St.) 12-20,period_1 player_787774497 team_331,False
2846744666,69.0,27.0,559,True,1st 11:22:00 : made by Gicarri Harris(Purdue) 12-23,period_1 player_787774483 team_559,False
2846744668,10.0,42.0,331,True,1st 11:04:00 : made by Rob Whaley Jr.(Kent St.) 14-23,period_1 player_787774497 team_331,False
2846744685,68.0,58.0,559,False,1st 10:45:00 : missed by Fletcher Loyer(Purdue) 14-23,period_1 player_787774478 team_559,False
2846744689,26.0,79.0,331,False,1st 10:28:00 : missed by Jahari Williamson(Kent St.) 14-23,period_1 player_787774496 team_331,False
2846744693,11.0,51.0,331,True,1st 10:05:00 : made by Rayvon Griffith(Kent St.) 16-23,period_1 player_787774495 team_331,False
2846744695,76.0,12.0,559,False,1st 09:45:00 : missed by Gicarri Harris(Purdue) 16-23,period_1 player_787774483 team_559,False
2846744713,32.0,56.0,331,False,1st 09:04:00 : missed by Omer Hamama(Kent St.) 16-25,period_1 player_787774502 team_331,False
2846744715,92.0,51.0,559,True,1st 08:44:00 : made by Oscar Cluff(Purdue) 16-27,period_1 player_787774481 team_559,False
2846744717,15.0,94.0,331,False,1st 08:33:00 : missed by Morgan Safford(Kent St.) 16-27,period_1 player_787774491 team_331,False
2846744723,81.0,6.0,559,False,1st 08:10:00 : missed by Omer Mayer(Purdue) 16-27,period_1 player_787774488 team_559,False
2846744725,31.0,28.0,331,False,1st 08:02:00 : missed by Quinn Woidke(Kent St.) 16-27,period_1 player_787774501 team_331,False
2846744727,84.0,95.0,559,True,1st 07:53:00 : made by Jack Benter(Purdue) 16-30,period_1 player_787774484 team_559,False
2846744731,78.0,12.0,559,True,1st 07:17:00 : made by Jack Benter(Purdue) 16-33,period_1 player_787774484 team_559,False
2846744742,93.0,51.0,559,True,1st 06:51:00 : made by Oscar Cluff(Purdue) 16-35,period_1 player_787774481 team_559,False
2846744744,29.0,23.0,331,False,1st 06:40:00 : missed by Jahari Williamson(Kent St.) 16-35,period_1 player_787774496 team_331,False
2846744750,7.0,95.0,331,False,1st 06:32:00 : missed by Quinn Woidke(Kent St.) 16-35,period_1 player_787774501 team_331,False
2846744752,92.0,65.0,559,True,1st 06:21:00 : made by Braden Smith(Purdue) 16-37,period_1 player_787774479 team_559,False
2846744753,8.0,56.0,331,True,1st 06:07:00 : made by Dezmon Briscoe(Kent St.) 18-37,period_1 player_787774499 team_331,False
2846744755,79.0,48.0,559,False,1st 05:42:00 : missed by Trey Kaufman-Renn(Purdue) 18-37,period_1 player_787774477 team_559,False
2846744757,32.0,46.0,331,False,1st 05:27:00 : missed by Quinn Woidke(Kent St.) 18-37,period_1 player_787774501 team_331,False
2846744767,81.0,41.0,559,True,1st 04:59:00 : made by Trey Kaufman-Renn(Purdue) 18-39,period_1 player_787774477 team_559,False
2846744769,9.0,73.0,331,False,1st 04:42:00 : missed by Jahari Williamson(Kent St.) 18-39,period_1 player_787774496 team_331,False
2846744771,68.0,50.0,559,False,1st 04:18:00 : missed by Braden Smith(Purdue) 18-39,period_1 player_787774479 team_559,False
2846744779,18.0,6.0,331,False,1st 03:58:00 : missed by Morgan Safford(Kent St.) 18-39,period_1 player_787774491 team_331,False
2846744788,9.0,96.0,331,True,1st 03:30:00 : made by Morgan Safford(Kent St.) 21-41,period_1 player_787774491 team_331,False
2846744790,92.0,96.0,559,True,1st 03:06:00 : made by Trey Kaufman-Renn(Purdue) 21-44,period_1 player_787774477 team_559,False
2846744800,91.0,47.0,559,True,1st 02:32:00 : made by Daniel Jacobsen(Purdue) 23-46,period_1 player_787774486 team_559,False
2846744805,9.0,45.0,331,False,1st 02:21:00 : missed by Magnus Entenmann(Kent St.) 23-47,period_1 player_787774493 team_331,False
2846744807,91.0,51.0,559,True,1st 02:14:00 : made by Trey Kaufman-Renn(Purdue) 23-49,period_1 player_787774477 team_559,False
2846744809,15.0,45.0,331,False,1st 01:56:00 : missed by Magnus Entenmann(Kent St.) 23-49,period_1 player_787774493 team_331,False
2846744811,10.0,47.0,331,True,1st 01:53:00 : made by Magnus Entenmann(Kent St.) 25-49,period_1 player_787774493 team_331,False
2846744812,94.0,96.0,559,False,1st 01:29:00 : missed by Trey Kaufman-Renn(Purdue) 25-49,period_1 player_787774477 team_559,False
2846744816,3.0,95.0,331,False,1st 01:08:00 : missed by Landon Vanderwarker(Kent St.) 25-49,period_1 player_787774500 team_331,False
2846744818,71.0,69.0,559,False,1st 00:59:00 : missed by Gicarri Harris(Purdue) 25-49,period_1 player_787774483 team_559,False
2846744820,10.0,51.0,331,True,1st 00:51:40 : made by Quinn Woidke(Kent St.) 27-49,period_1 player_787774501 team_331,False
2846744829,12.0,69.0,331,False,1st 00:20:50 : missed by Rayvon Griffith(Kent St.) 27-51,period_1 player_787774495 team_331,False
2846744846,6.0,5.0,559,False,2nd 19:47:00 : missed by Fletcher Loyer(Purdue) 27-51,period_2 player_787774478 team_559,False
2846744848,9.0,5.0,559,False,2nd 19:41:00 : missed by Fletcher Loyer(Purdue) 27-51,period_2 player_787774478 team_559,False
2846744850,94.0,45.0,331,False,2nd 19:25:00 : missed by Rob Whaley Jr.(Kent St.) 27-51,period_2 player_787774497 team_331,False
2846744859,12.0,25.0,559,True,2nd 18:54:00 : made by Fletcher Loyer(Purdue) 29-53,period_2 player_787774478 team_559,False
2846744861,74.0,82.0,331,True,2nd 18:31:00 : made by Jahari Williamson(Kent St.) 32-53,period_2 player_787774496 team_331,False
2846744863,6.0,96.0,559,False,2nd 18:08:00 : missed by C.J. Cox(Purdue) 32-53,period_2 player_787774485 team_559,False
2846744869,9.0,48.0,559,True,2nd 17:45:00 : made by Braden Smith(Purdue) 32-55,period_2 player_787774479 team_559,False
2846744870,83.0,44.0,331,False,2nd 17:28:00 : missed by Omer Hamama(Kent St.) 32-55,period_2 player_787774502 team_331,False
2846744872,18.0,50.0,559,True,2nd 17:16:00 : made by Braden Smith(Purdue) 32-57,period_2 player_787774479 team_559,False
2846744875,8.0,48.0,559,True,2nd 16:55:00 : made by C.J. Cox(Purdue) 32-59,period_2 player_787774485 team_559,False
2846744880,68.0,61.0,331,False,2nd 16:43:00 : missed by Delrecco Gillespie(Kent St.) 32-59,period_2 player_787774494 team_331,False
2846744882,27.0,79.0,559,True,2nd 16:32:00 : made by Fletcher Loyer(Purdue) 32-62,period_2 player_787774478 team_559,False
2846744884,88.0,30.0,331,True,2nd 16:16:00 : made by Delrecco Gillespie(Kent St.) 34-62,period_2 player_787774494 team_331,False
2846744886,7.0,53.0,559,True,2nd 15:55:00 : made by Trey Kaufman-Renn(Purdue) 34-64,period_2 player_787774477 team_559,False
2846744888,90.0,16.0,331,True,2nd 15:37:00 : made by Morgan Safford(Kent St.) 36-64,period_2 player_787774491 team_331,False
2846744890,8.0,45.0,559,True,2nd 15:19:00 : made by Trey Kaufman-Renn(Purdue) 36-66,period_2 player_787774477 team_559,False
2846744892,76.0,85.0,331,False,2nd 15:06:00 : missed by Rob Whaley Jr.(Kent St.) 36-66,period_2 player_787774497 team_331,False
2846744894,20.0,42.0,559,True,2nd 14:55:00 : made by C.J. Cox(Purdue) 36-68,period_2 player_787774485 team_559,False
2846744896,86.0,49.0,331,True,2nd 14:38:00 : made by Quinn Woidke(Kent St.) 38-68,period_2 player_787774501 team_331,False
2846744908,13.0,46.0,559,True,2nd 14:11:00 : made by Fletcher Loyer(Purdue) 38-70,period_2 player_787774478 team_559,False
2846744909,88.0,55.0,331,True,2nd 13:52:00 : made by Delrecco Gillespie(Kent St.) 40-70,period_2 player_787774494 team_331,False
2846744910,19.0,30.0,559,False,2nd 13:26:00 : missed by Braden Smith(Purdue) 40-70,period_2 player_787774479 team_559,False
2846744914,32.0,55.0,559,False,2nd 13:16:00 : missed by Fletcher Loyer(Purdue) 40-70,period_2 player_787774478 team_559,False
2846744916,67.0,47.0,331,False,2nd 13:06:00 : missed by Delrecco Gillespie(Kent St.) 40-70,period_2 player_787774494 team_331,False
2846744922,9.0,52.0,559,False,2nd 12:54:00 : missed by Fletcher Loyer(Purdue) 40-70,period_2 player_787774478 team_559,False
2846744925,78.0,11.0,331,False,2nd 12:49:00 : missed by Quinn Woidke(Kent St.) 40-70,period_2 player_787774501 team_331,False
2846744927,91.0,64.0,331,False,2nd 12:42:00 : missed by Rayvon Griffith(Kent St.) 40-70,period_2 player_787774495 team_331,False
2846744939,98.0,48.0,331,False,2nd 12:11:00 : missed by Delrecco Gillespie(Kent St.) 40-70,period_2 player_787774494 team_331,False
2846744941,8.0,95.0,559,False,2nd 12:06:00 : missed by Omer Mayer(Purdue) 40-70,period_2 player_787774488 team_559,False
2846744943,8.0,47.0,559,True,2nd 12:02:00 : made by Jack Benter(Purdue) 40-72,period_2 player_787774484 team_559,False
2846744944,88.0,14.0,331,False,2nd 11:36:00 : missed by Quinn Woidke(Kent St.) 40-72,period_2 player_787774501 team_331,False
2846744946,33.0,63.0,559,True,2nd 11:20:00 : made by Jack Benter(Purdue) 40-75,period_2 player_787774484 team_559,False
2846744948,75.0,16.0,331,False,2nd 11:06:00 : missed by Rayvon Griffith(Kent St.) 40-75,period_2 player_787774495 team_331,False
2846744961,75.0,47.0,331,False,2nd 10:34:00 : missed by Morgan Safford(Kent St.) 40-77,period_2 player_787774491 team_331,False
2846744968,73.0,20.0,331,True,2nd 09:59:00 : made by Jahari Williamson(Kent St.) 43-79,period_2 player_787774496 team_331,False
2846744972,92.0,4.0,331,False,2nd 09:40:00 : missed by Jahari Williamson(Kent St.) 43-79,period_2 player_787774496 team_331,False
2846744982,9.0,42.0,559,False,2nd 08:57:00 : missed by Liam Murphy(Purdue) 43-81,period_2 player_787774476 team_559,False
2846744985,8.0,49.0,559,True,2nd 08:52:00 : made by Daniel Jacobsen(Purdue) 43-83,period_2 player_787774486 team_559,False
2846744986,79.0,89.0,331,False,2nd 08:34:00 : missed by Morgan Safford(Kent St.) 43-83,period_2 player_787774491 team_331,False
2846744988,10.0,94.0,559,True,2nd 08:16:00 : made by Jack Benter(Purdue) 43-86,period_2 player_787774484 team_559,False
2846744990,82.0,50.0,331,False,2nd 07:57:00 : missed by Morgan Safford(Kent St.) 43-86,period_2 player_787774491 team_331,False
2846744994,93.0,53.0,331,True,2nd 07:43:00 : made by Morgan Safford(Kent St.) 45-86,period_2 player_787774491 team_331,False
2846744996,33.0,23.0,559,True,2nd 07:25:00 : made by Jack Benter(Purdue) 45-89,period_2 player_787774484 team_559,False
2846745008,35.0,51.0,559,True,2nd 06:40:00 : made by Jack Benter(Purdue) 45-92,period_2 player_787774484 team_559,False
2846745010,84.0,46.0,331,False,2nd 06:26:00 : missed by Morgan Safford(Kent St.) 45-92,period_2 player_787774491 team_331,False
2846745030,93.0,45.0,331,True,2nd 05:15:00 : made by Omer Hamama(Kent St.) 48-94,period_2 player_787774502 team_331,False
2846745031,12.0,97.0,559,False,2nd 04:53:00 : missed by Gicarri Harris(Purdue) 48-94,period_2 player_787774483 team_559,False
2846745033,95.0,3.0,331,True,2nd 04:39:00 : made by Morgan Safford(Kent St.) 51-94,period_2 player_787774491 team_331,False
2846745035,3.0,96.0,559,False,2nd 04:10:00 : missed by Liam Murphy(Purdue) 51-94,period_2 player_787774476 team_559,False
2846745045,7.0,95.0,559,True,2nd 03:41:00 : made by Omer Mayer(Purdue) 53-97,period_2 player_787774488 team_559,False
2846745052,18.0,8.0,559,False,2nd 03:13:00 : missed by Liam Murphy(Purdue) 55-97,period_2 player_787774476 team_559,False
2846745054,85.0,54.0,331,False,2nd 03:00:00 : missed by Landon Vanderwarker(Kent St.) 55-97,period_2 player_787774500 team_331,False
2846745056,15.0,43.0,559,False,2nd 02:45:00 : missed by Daniel Jacobsen(Purdue) 55-97,period_2 player_787774486 team_559,False
2846745070,77.0,13.0,331,False,2nd 02:30:00 : missed by Quinn Woidke(Kent St.) 55-97,period_2 player_787774501 team_331,False
2846745072,77.0,56.0,331,False,2nd 02:23:00 : missed by Rob Whaley Jr.(Kent St.) 55-97,period_2 player_787774497 team_331,False
2846745074,93.0,55.0,331,True,2nd 02:19:00 : made by Deandre Jones(Kent St.) 57-97,period_2 player_787774498 team_331,False
2846745077,19.0,45.0,559,True,2nd 01:47:00 : made by Aaron Fine(Purdue) 57-99,period_2 player_787774487 team_559,False
2846745078,85.0,76.0,331,False,2nd 01:33:00 : missed by Quinn Woidke(Kent St.) 57-99,period_2 player_787774501 team_331,False
2846745086,8.0,14.0,559,False,2nd 01:22:00 : missed by Jace Rayl(Purdue) 57-101,period_2 player_787774482 team_559,False
2846745088,93.0,54.0,331,False,2nd 01:07:00 : missed by Omer Hamama(Kent St.) 57-101,period_2 player_787774502 team_331,False
2846745090,5.0,96.0,559,False,2nd 00:56:40 : missed by Liam Murphy(Purdue) 57-101,period_2 player_787774476 team_559,False
2846745095,6.0,54.0,559,False,2nd 00:15:60 : missed by Aaron Fine(Purdue) 57-101,period_2 player_787774487 team_559,False
2846745098,71.0,25.0,331,True,2nd 00:09:40 : made by Brenden Moss(Kent St.) 60-101,period_2 player_787774492 team_331,False
2848066752,92.0,55.0,796,True,1st 19:35:00 : made by John Blackwell(Wisconsin) 0-2,period_1 player_787859924 team_796,False
2848066753,6.0,5.0,559,False,1st 19:11:00 : missed by C.J. Cox(Purdue) 0-2,period_1 player_787859940 team_559,False
2848066755,91.0,45.0,796,False,1st 19:06:00 : missed by Nick Boyd(Wisconsin) 0-2,period_1 player_787859921 team_796,False
2848066757,94.0,50.0,796,True,1st 19:05:00 : made by Nolan Winter(Wisconsin) 0-4,period_1 player_787859925 team_796,False
2848066760,13.0,44.0,559,False,1st 18:48:00 : missed by C.J. Cox(Purdue) 0-5,period_1 player_787859940 team_559,False
2848066762,27.0,19.0,559,False,1st 18:37:00 : missed by Braden Smith(Purdue) 0-5,period_1 player_787859936 team_559,False
2848066764,14.0,34.0,559,True,1st 18:32:00 : made by Braden Smith(Purdue) 2-5,period_1 player_787859936 team_559,False
2848066765,90.0,46.0,796,True,1st 18:20:00 : made by John Blackwell(Wisconsin) 2-7,period_1 player_787859924 team_796,False
2848066768,24.0,11.0,559,False,1st 17:58:00 : missed by Fletcher Loyer(Purdue) 2-7,period_1 player_787859935 team_559,False
2848066770,91.0,55.0,796,True,1st 17:49:00 : made by John Blackwell(Wisconsin) 2-9,period_1 player_787859924 team_796,False
2848066771,12.0,49.0,559,True,1st 17:31:00 : made by Fletcher Loyer(Purdue) 4-9,period_1 player_787859935 team_559,False
2848066775,10.0,43.0,559,False,1st 17:11:00 : missed by C.J. Cox(Purdue) 4-9,period_1 player_787859940 team_559,False
2848066778,9.0,5.0,559,True,1st 17:00:00 : made by C.J. Cox(Purdue) 7-9,period_1 player_787859940 team_559,False
2848066780,70.0,29.0,796,False,1st 16:42:00 : missed by Aleksas Bieliauskas(Wisconsin) 7-9,period_1 player_787859929 team_796,False
2848066782,9.0,5.0,559,True,1st 16:29:00 : made by Fletcher Loyer(Purdue) 10-9,period_1 player_787859935 team_559,False
2848066784,90.0,29.0,796,True,1st 16:07:00 : made by Aleksas Bieliauskas(Wisconsin) 10-11,period_1 player_787859929 team_796,False
2848066794,27.0,84.0,559,False,1st 15:40:00 : missed by Gicarri Harris(Purdue) 10-11,period_1 player_787859938 team_559,False
2848066796,91.0,43.0,796,True,1st 15:23:00 : made by Nick Boyd(Wisconsin) 10-13,period_1 player_787859921 team_796,False
2848066807,9.0,56.0,559,True,1st 14:33:00 : made by Daniel Jacobsen(Purdue) 14-15,period_1 player_787859941 team_559,False
2848066809,70.0,26.0,796,True,1st 14:22:00 : made by Austin Rapp(Wisconsin) 14-18,period_1 player_787859927 team_796,False
2848066811,16.0,52.0,559,True,1st 13:59:00 : made by Braden Smith(Purdue) 16-18,period_1 player_787859936 team_559,False
2848066812,73.0,79.0,796,False,1st 13:38:00 : missed by Austin Rapp(Wisconsin) 16-18,period_1 player_787859927 team_796,False
2848066814,8.0,43.0,559,False,1st 13:24:00 : missed by Daniel Jacobsen(Purdue) 16-18,period_1 player_787859941 team_559,False
2848066816,91.0,54.0,796,True,1st 13:14:00 : made by Nolan Winter(Wisconsin) 16-20,period_1 player_787859925 team_796,False
2848066817,9.0,57.0,559,True,1st 12:51:00 : made by Daniel Jacobsen(Purdue) 18-20,period_1 player_787859941 team_559,False
2848066819,90.0,46.0,796,True,1st 12:28:00 : made by Nick Boyd(Wisconsin) 18-22,period_1 player_787859921 team_796,False
2848066820,14.0,25.0,559,False,1st 12:14:00 : missed by Trey Kaufman-Renn(Purdue) 18-22,period_1 player_787859934 team_559,False
2848066834,11.0,22.0,559,False,1st 11:59:00 : missed by Gicarri Harris(Purdue) 18-22,period_1 player_787859938 team_559,False
2848066836,82.0,43.0,796,False,1st 11:39:00 : missed by Zach Kinziger(Wisconsin) 18-22,period_1 player_787859931 team_796,False
2848066841,69.0,63.0,796,False,1st 11:23:00 : missed by John Blackwell(Wisconsin) 18-22,period_1 player_787859924 team_796,False
2848066843,29.0,26.0,559,True,1st 11:10:00 : made by Gicarri Harris(Purdue) 21-22,period_1 player_787859938 team_559,False
2848066845,85.0,50.0,796,True,1st 10:50:00 : made by Andrew Rohde(Wisconsin) 21-24,period_1 player_787859923 team_796,False
2848066846,32.0,51.0,559,False,1st 10:27:00 : missed by Omer Mayer(Purdue) 21-24,period_1 player_787859942 team_559,False
2848066863,10.0,49.0,559,False,1st 09:40:00 : missed by Oscar Cluff(Purdue) 21-24,period_1 player_787859937 team_559,False
2848066875,10.0,27.0,559,True,1st 09:15:00 : made by Trey Kaufman-Renn(Purdue) 23-24,period_1 player_787859934 team_559,False
2848066884,90.0,46.0,796,False,1st 08:30:00 : missed by Nolan Winter(Wisconsin) 25-24,period_1 player_787859925 team_796,False
2848066886,7.0,5.0,559,False,1st 08:23:00 : missed by C.J. Cox(Purdue) 25-24,period_1 player_787859940 team_559,False
2848066888,87.0,75.0,796,True,1st 08:09:00 : made by Nick Boyd(Wisconsin) 25-26,period_1 player_787859921 team_796,False
2848066889,9.0,54.0,559,False,1st 07:34:00 : missed by Fletcher Loyer(Purdue) 25-26,period_1 player_787859935 team_559,False
2848066891,15.0,95.0,559,True,1st 07:25:00 : made by Omer Mayer(Purdue) 28-26,period_1 player_787859942 team_559,False
2848066893,68.0,52.0,796,False,1st 07:16:00 : missed by Andrew Rohde(Wisconsin) 28-26,period_1 player_787859923 team_796,False
2848066904,12.0,29.0,559,True,1st 06:58:00 : made by Trey Kaufman-Renn(Purdue) 30-26,period_1 player_787859934 team_559,False
2848066905,74.0,18.0,796,False,1st 06:39:00 : missed by Andrew Rohde(Wisconsin) 30-26,period_1 player_787859923 team_796,False
2848066909,70.0,72.0,796,True,1st 06:34:00 : made by Braeden Carrington(Wisconsin) 30-29,period_1 player_787859922 team_796,False
2848066911,15.0,64.0,559,False,1st 06:05:00 : missed by Trey Kaufman-Renn(Purdue) 30-29,period_1 player_787859934 team_559,False
2848066913,72.0,24.0,796,False,1st 05:59:00 : missed by Austin Rapp(Wisconsin) 30-29,period_1 player_787859927 team_796,False
2848066915,13.0,28.0,559,True,1st 05:47:00 : made by Braden Smith(Purdue) 32-29,period_1 player_787859936 team_559,False
2848066918,31.0,32.0,559,False,1st 05:23:00 : missed by Braden Smith(Purdue) 32-29,period_1 player_787859936 team_559,False
2848066926,72.0,21.0,796,False,1st 04:57:00 : missed by Braeden Carrington(Wisconsin) 32-29,period_1 player_787859922 team_796,False
2848066930,8.0,5.0,559,False,1st 04:38:00 : missed by Fletcher Loyer(Purdue) 32-29,period_1 player_787859935 team_559,False
2848066936,7.0,50.0,559,True,1st 04:17:00 : made by Trey Kaufman-Renn(Purdue) 34-29,period_1 player_787859934 team_559,False
2848066938,75.0,84.0,796,True,1st 04:02:00 : made by Braeden Carrington(Wisconsin) 34-32,period_1 player_787859922 team_796,False
2848066940,22.0,88.0,559,False,1st 03:40:00 : missed by Fletcher Loyer(Purdue) 34-32,period_1 player_787859935 team_559,False
2848066952,72.0,23.0,796,False,1st 03:15:00 : missed by Aleksas Bieliauskas(Wisconsin) 35-32,period_1 player_787859929 team_796,False
2848066954,26.0,83.0,559,False,1st 02:56:00 : missed by Gicarri Harris(Purdue) 35-32,period_1 player_787859938 team_559,False
2848066965,6.0,49.0,559,True,1st 02:33:00 : made by Daniel Jacobsen(Purdue) 37-33,period_1 player_787859941 team_559,False
2848066972,86.0,5.0,796,False,1st 02:10:00 : missed by Braeden Carrington(Wisconsin) 37-33,period_1 player_787859922 team_796,False
2848066974,9.0,57.0,559,False,1st 02:01:00 : missed by Fletcher Loyer(Purdue) 37-33,period_1 player_787859935 team_559,False
2848066985,20.0,45.0,559,True,1st 01:37:00 : made by Trey Kaufman-Renn(Purdue) 39-34,period_1 player_787859934 team_559,False
2848066987,91.0,46.0,796,True,1st 01:22:00 : made by Nick Boyd(Wisconsin) 39-36,period_1 player_787859921 team_796,False
2848066988,8.0,43.0,559,True,1st 01:08:00 : made by Oscar Cluff(Purdue) 41-36,period_1 player_787859937 team_559,False
2848066999,7.0,49.0,559,True,1st 00:44:20 : made by Oscar Cluff(Purdue) 43-36,period_1 player_787859937 team_559,False
2848067008,91.0,45.0,796,False,1st 00:25:10 : missed by Nick Boyd(Wisconsin) 43-36,period_1 player_787859921 team_796,False
2848067010,94.0,50.0,796,True,1st 00:21:50 : made by Austin Rapp(Wisconsin) 43-38,period_1 player_787859927 team_796,False
2848067011,7.0,35.0,559,True,1st 00:03:20 : made by Braden Smith(Purdue) 45-38,period_1 player_787859936 team_559,False
2848067026,73.0,79.0,559,False,2nd 19:27:00 : missed by Fletcher Loyer(Purdue) 45-39,period_2 player_787859935 team_559,False
2848067028,13.0,50.0,796,True,2nd 19:07:00 : made by Nick Boyd(Wisconsin) 45-41,period_2 player_787859921 team_796,False
2848067029,88.0,48.0,559,True,2nd 18:46:00 : made by Trey Kaufman-Renn(Purdue) 47-41,period_2 player_787859934 team_559,False
2848067031,91.0,66.0,559,False,2nd 18:18:00 : missed by Trey Kaufman-Renn(Purdue) 47-41,period_2 player_787859934 team_559,False
2848067033,79.0,92.0,559,True,2nd 18:08:00 : made by C.J. Cox(Purdue) 50-41,period_2 player_787859940 team_559,False
2848067035,30.0,36.0,796,False,2nd 17:54:00 : missed by Nolan Winter(Wisconsin) 50-41,period_2 player_787859925 team_796,False
2848067046,91.0,56.0,559,False,2nd 17:38:00 : missed by Oscar Cluff(Purdue) 51-41,period_2 player_787859937 team_559,False
2848067048,94.0,50.0,559,False,2nd 17:35:00 : missed by Trey Kaufman-Renn(Purdue) 51-41,period_2 player_787859934 team_559,False
2848067051,88.0,56.0,559,False,2nd 17:28:00 : missed by Trey Kaufman-Renn(Purdue) 51-41,period_2 player_787859934 team_559,False
2848067058,80.0,37.0,559,True,2nd 16:43:00 : made by Braden Smith(Purdue) 53-42,period_2 player_787859936 team_559,False
2848067065,94.0,96.0,559,True,2nd 16:18:00 : made by Fletcher Loyer(Purdue) 56-44,period_2 player_787859935 team_559,False
2848067067,7.0,97.0,796,False,2nd 16:00:00 : missed by John Blackwell(Wisconsin) 56-44,period_2 player_787859924 team_796,False
2848067080,8.0,45.0,796,False,2nd 15:32:00 : missed by John Blackwell(Wisconsin) 58-44,period_2 player_787859924 team_796,False
2848067083,67.0,48.0,559,True,2nd 15:15:00 : made by C.J. Cox(Purdue) 61-44,period_2 player_787859940 team_559,False
2848067088,10.0,46.0,796,False,2nd 14:37:00 : missed by John Blackwell(Wisconsin) 61-44,period_2 player_787859924 team_796,False
2848067092,90.0,55.0,559,True,2nd 14:27:00 : made by Fletcher Loyer(Purdue) 63-44,period_2 player_787859935 team_559,False
2848067096,12.0,66.0,796,True,2nd 14:01:00 : made by Nick Boyd(Wisconsin) 63-46,period_2 player_787859921 team_796,False
2848067097,67.0,41.0,559,True,2nd 13:41:00 : made by Fletcher Loyer(Purdue) 66-46,period_2 player_787859935 team_559,False
2848067107,70.0,69.0,559,False,2nd 13:17:00 : missed by Fletcher Loyer(Purdue) 66-48,period_2 player_787859935 team_559,False
2848067109,9.0,57.0,796,False,2nd 13:09:00 : missed by Nick Boyd(Wisconsin) 66-48,period_2 player_787859921 team_796,False
2848067112,75.0,83.0,559,True,2nd 12:59:00 : made by Gicarri Harris(Purdue) 69-48,period_2 player_787859938 team_559,False
2848067126,8.0,45.0,796,False,2nd 12:46:00 : missed by Aleksas Bieliauskas(Wisconsin) 69-48,period_2 player_787859929 team_796,False
2848067128,90.0,45.0,559,True,2nd 12:33:00 : made by Oscar Cluff(Purdue) 71-48,period_2 player_787859937 team_559,False
2848067137,7.0,5.0,796,False,2nd 12:19:00 : missed by Zach Kinziger(Wisconsin) 72-48,period_2 player_787859931 team_796,False
2848067141,83.0,24.0,559,False,2nd 11:50:00 : missed by Gicarri Harris(Purdue) 72-48,period_2 player_787859938 team_559,False
2848067143,27.0,18.0,796,False,2nd 11:40:00 : missed by John Blackwell(Wisconsin) 72-48,period_2 player_787859924 team_796,False
2848067146,84.0,6.0,559,False,2nd 11:20:00 : missed by Gicarri Harris(Purdue) 72-48,period_2 player_787859938 team_559,False
2848067148,20.0,21.0,796,False,2nd 10:55:00 : missed by Austin Rapp(Wisconsin) 72-48,period_2 player_787859927 team_796,False
2848067157,20.0,92.0,796,False,2nd 10:37:00 : missed by Andrew Rohde(Wisconsin) 72-48,period_2 player_787859923 team_796,False
2848067163,89.0,67.0,559,False,2nd 10:21:00 : missed by Braden Smith(Purdue) 72-50,period_2 player_787859936 team_559,False
2848067165,28.0,20.0,796,False,2nd 10:14:00 : missed by John Blackwell(Wisconsin) 72-50,period_2 player_787859924 team_796,False
2848067167,79.0,48.0,559,True,2nd 09:57:00 : made by Jack Benter(Purdue) 74-50,period_2 player_787859939 team_559,False
2848067168,9.0,56.0,796,True,2nd 09:42:00 : made by Nick Boyd(Wisconsin) 74-52,period_2 player_787859921 team_796,False
2848067169,90.0,46.0,559,True,2nd 09:22:00 : made by Oscar Cluff(Purdue) 76-52,period_2 player_787859937 team_559,False
2848067176,8.0,45.0,796,True,2nd 08:57:00 : made by Hayden Jones(Wisconsin) 77-54,period_2 player_787859930 team_796,False
2848067178,91.0,45.0,559,True,2nd 08:34:00 : made by Oscar Cluff(Purdue) 79-54,period_2 player_787859937 team_559,False
2848067201,83.0,49.0,559,False,2nd 07:46:00 : missed by Trey Kaufman-Renn(Purdue) 80-58,period_2 player_787859934 team_559,False
2848067203,8.0,96.0,796,False,2nd 07:32:00 : missed by Jack Janicki(Wisconsin) 80-58,period_2 player_787859926 team_796,False
2848067205,77.0,46.0,559,False,2nd 07:17:00 : missed by Trey Kaufman-Renn(Purdue) 80-58,period_2 player_787859934 team_559,False
2848067207,30.0,70.0,796,True,2nd 07:02:00 : made by Nolan Winter(Wisconsin) 80-61,period_2 player_787859925 team_796,False
2848067211,7.0,42.0,796,True,2nd 06:36:00 : made by Austin Rapp(Wisconsin) 80-63,period_2 player_787859927 team_796,False
2848067212,71.0,24.0,559,False,2nd 06:09:00 : missed by Fletcher Loyer(Purdue) 80-63,period_2 player_787859935 team_559,False
2848067221,80.0,66.0,559,True,2nd 05:42:00 : made by Braden Smith(Purdue) 82-63,period_2 player_787859936 team_559,False
2848067222,7.0,45.0,796,True,2nd 05:28:00 : made by Nolan Winter(Wisconsin) 82-65,period_2 player_787859925 team_796,False
2848067226,9.0,45.0,796,False,2nd 05:08:00 : missed by Nick Boyd(Wisconsin) 82-65,period_2 player_787859921 team_796,False
2848067228,6.0,50.0,796,True,2nd 05:05:00 : made by Nolan Winter(Wisconsin) 82-67,period_2 player_787859925 team_796,False
2848067229,89.0,37.0,559,False,2nd 04:39:00 : missed by Braden Smith(Purdue) 82-67,period_2 player_787859936 team_559,False
2848067239,9.0,44.0,796,False,2nd 04:07:00 : missed by Jack Janicki(Wisconsin) 82-69,period_2 player_787859926 team_796,False
2848067246,19.0,33.0,796,True,2nd 03:44:00 : made by John Blackwell(Wisconsin) 84-71,period_2 player_787859924 team_796,False
2848067253,74.0,51.0,559,False,2nd 02:55:00 : missed by Trey Kaufman-Renn(Purdue) 84-73,period_2 player_787859934 team_559,False
2848067255,76.0,14.0,559,True,2nd 02:51:00 : made by Fletcher Loyer(Purdue) 87-73,period_2 player_787859935 team_559,False
2848067257,28.0,24.0,796,False,2nd 02:43:00 : missed by Austin Rapp(Wisconsin) 87-73,period_2 player_787859927 team_796,False
2848067259,28.0,25.0,796,False,2nd 02:38:00 : missed by Austin Rapp(Wisconsin) 87-73,period_2 player_787859927 team_796,False
2848067261,29.0,22.0,796,False,2nd 02:31:00 : missed by Nick Boyd(Wisconsin) 87-73,period_2 player_787859921 team_796,False
2848067263,84.0,56.0,559,False,2nd 02:03:00 : missed by Braden Smith(Purdue) 87-73,period_2 player_787859936 team_559,False
2848067265,86.0,47.0,559,False,2nd 01:51:00 : missed by Fletcher Loyer(Purdue) 87-73,period_2 player_787859935 team_559,False
2848067268,69.0,59.0,559,False,2nd 01:50:00 : missed by C.J. Cox(Purdue) 87-73,period_2 player_787859940 team_559,False
2848067270,93.0,18.0,559,True,2nd 01:31:00 : made by C.J. Cox(Purdue) 89-73,period_2 player_787859940 team_559,False
2848067273,30.0,33.0,796,False,2nd 01:10:00 : missed by John Blackwell(Wisconsin) 89-73,period_2 player_787859924 team_796,False
2848067276,90.0,4.0,559,False,2nd 00:51:00 : missed by C.J. Cox(Purdue) 89-73,period_2 player_787859940 team_559,False
2848067278,10.0,55.0,796,False,2nd 00:34:00 : missed by Nick Boyd(Wisconsin) 89-73,period_2 player_787859921 team_796,False
2848067280,88.0,95.0,559,False,2nd 00:21:10 : missed by C.J. Cox(Purdue) 89-73,period_2 player_787859940 team_559,False
2848067282,35.0,46.0,796,False,2nd 00:07:90 : missed by Austin Rapp(Wisconsin) 89-73,period_2 player_787859927 team_796,False
2849220023,91.0,48.0,559,True,1st 19:33:00 : made by Braden Smith(Purdue) 0-2,period_1 player_787945465 team_559,False
2849220025,6.0,95.0,756,False,1st 19:20:00 : missed by Hannes Steinbach(Washington) 0-2,period_1 player_787945481 team_756,False
2849220027,92.0,56.0,559,True,1st 19:08:00 : made by Trey Kaufman-Renn(Purdue) 0-4,period_1 player_787945463 team_559,False
2849220029,67.0,52.0,559,True,1st 18:38:00 : made by C.J. Cox(Purdue) 0-7,period_1 player_787945469 team_559,False
2849220033,94.0,51.0,559,True,1st 18:11:00 : made by Braden Smith(Purdue) 0-9,period_1 player_787945465 team_559,False
2849220035,32.0,48.0,756,True,1st 17:51:00 : made by Desmond Claude(Washington) 3-9,period_1 player_787945476 team_756,False
2849220036,92.0,34.0,559,False,1st 17:22:00 : missed by Oscar Cluff(Purdue) 3-9,period_1 player_787945466 team_559,False
2849220038,9.0,56.0,756,False,1st 17:10:00 : missed by Franck Kepnang(Washington) 3-9,period_1 player_787945474 team_756,False
2849220041,11.0,46.0,756,False,1st 16:32:00 : missed by Zoom Diallo(Washington) 3-9,period_1 player_787945478 team_756,False
2849220045,7.0,95.0,756,True,1st 16:22:00 : made by Quimari Peterson(Washington) 6-9,period_1 player_787945475 team_756,False
2849220047,92.0,53.0,559,True,1st 16:02:00 : made by Trey Kaufman-Renn(Purdue) 6-11,period_1 player_787945463 team_559,False
2849220055,93.0,53.0,559,True,1st 15:34:00 : made by Daniel Jacobsen(Purdue) 6-13,period_1 player_787945470 team_559,False
2849220065,80.0,66.0,559,True,1st 14:56:00 : made by Braden Smith(Purdue) 8-15,period_1 player_787945465 team_559,False
2849220067,94.0,53.0,559,False,1st 14:30:00 : missed by Fletcher Loyer(Purdue) 8-15,period_1 player_787945464 team_559,False
2849220069,11.0,35.0,756,False,1st 14:16:00 : missed by Desmond Claude(Washington) 8-15,period_1 player_787945476 team_756,False
2849220071,5.0,50.0,756,False,1st 14:13:00 : missed by Franck Kepnang(Washington) 8-15,period_1 player_787945474 team_756,False
2849220073,31.0,71.0,756,False,1st 14:05:00 : missed by Nikola Dzepina(Washington) 8-15,period_1 player_787945482 team_756,False
2849220075,68.0,59.0,559,False,1st 13:53:00 : missed by Braden Smith(Purdue) 8-15,period_1 player_787945465 team_559,False
2849220079,78.0,87.0,559,False,1st 13:39:00 : missed by Fletcher Loyer(Purdue) 8-15,period_1 player_787945464 team_559,False
2849220087,81.0,35.0,559,True,1st 13:22:00 : made by Braden Smith(Purdue) 8-17,period_1 player_787945465 team_559,False
2849220088,9.0,48.0,756,False,1st 13:03:00 : missed by Hannes Steinbach(Washington) 8-17,period_1 player_787945481 team_756,False
2849220094,90.0,45.0,559,True,1st 12:44:00 : made by Daniel Jacobsen(Purdue) 8-19,period_1 player_787945470 team_559,False
2849220096,10.0,51.0,756,True,1st 12:14:00 : made by Hannes Steinbach(Washington) 10-19,period_1 player_787945481 team_756,False
2849220101,87.0,67.0,559,False,1st 12:02:00 : missed by Braden Smith(Purdue) 11-19,period_1 player_787945465 team_559,False
2849220103,16.0,86.0,756,True,1st 11:48:00 : made by Bryson Tucker(Washington) 13-19,period_1 player_787945477 team_756,False
2849220105,93.0,46.0,559,True,1st 11:27:00 : made by Daniel Jacobsen(Purdue) 13-21,period_1 player_787945470 team_559,False
2849220107,28.0,74.0,756,False,1st 11:00:00 : missed by Nikola Dzepina(Washington) 13-21,period_1 player_787945482 team_756,False
2849220117,7.0,4.0,756,False,1st 10:52:00 : missed by Courtland Muldrew(Washington) 13-21,period_1 player_787945480 team_756,False
2849220119,65.0,38.0,559,False,1st 10:43:00 : missed by Fletcher Loyer(Purdue) 13-21,period_1 player_787945464 team_559,False
2849220121,89.0,51.0,559,True,1st 10:39:00 : made by Jack Benter(Purdue) 13-23,period_1 player_787945468 team_559,False
2849220122,26.0,10.0,756,False,1st 10:17:00 : missed by Nikola Dzepina(Washington) 13-23,period_1 player_787945482 team_756,False
2849220143,9.0,47.0,756,False,1st 09:03:00 : missed by Desmond Claude(Washington) 13-23,period_1 player_787945476 team_756,False
2849220145,15.0,5.0,756,False,1st 08:47:00 : missed by Quimari Peterson(Washington) 13-23,period_1 player_787945475 team_756,False
2849220147,7.0,43.0,756,True,1st 08:42:00 : made by Franck Kepnang(Washington) 15-23,period_1 player_787945474 team_756,False
2849220148,81.0,70.0,559,False,1st 08:23:00 : missed by Fletcher Loyer(Purdue) 15-23,period_1 player_787945464 team_559,False
2849220150,18.0,52.0,756,False,1st 08:14:00 : missed by Courtland Muldrew(Washington) 15-23,period_1 player_787945480 team_756,False
2849220160,91.0,60.0,559,True,1st 07:35:00 : made by Trey Kaufman-Renn(Purdue) 15-27,period_1 player_787945463 team_559,False
2849220162,20.0,34.0,756,False,1st 07:23:00 : missed by Zoom Diallo(Washington) 15-27,period_1 player_787945478 team_756,False
2849220164,71.0,72.0,559,True,1st 07:09:00 : made by C.J. Cox(Purdue) 15-30,period_1 player_787945469 team_559,False
2849220181,16.0,48.0,756,True,1st 06:20:00 : made by Zoom Diallo(Washington) 19-31,period_1 player_787945478 team_756,False
2849220182,93.0,54.0,559,True,1st 06:00:00 : made by Fletcher Loyer(Purdue) 19-33,period_1 player_787945464 team_559,False
2849220193,9.0,97.0,756,False,1st 05:48:00 : missed by Bryson Tucker(Washington) 19-34,period_1 player_787945477 team_756,False
2849220195,92.0,44.0,559,True,1st 05:38:00 : made by Oscar Cluff(Purdue) 19-36,period_1 player_787945466 team_559,False
2849220197,9.0,4.0,756,True,1st 05:13:00 : made by Zoom Diallo(Washington) 22-36,period_1 player_787945478 team_756,False
2849220199,76.0,13.0,559,False,1st 04:51:00 : missed by Fletcher Loyer(Purdue) 22-36,period_1 player_787945464 team_559,False
2849220201,32.0,56.0,756,False,1st 04:36:00 : missed by Nikola Dzepina(Washington) 22-36,period_1 player_787945482 team_756,False
2849220215,93.0,52.0,559,True,1st 04:04:00 : made by Oscar Cluff(Purdue) 22-38,period_1 player_787945466 team_559,False
2849220224,69.0,22.0,559,True,1st 03:24:00 : made by Omer Mayer(Purdue) 24-41,period_1 player_787945471 team_559,False
2849220230,18.0,44.0,756,True,1st 02:35:00 : made by Zoom Diallo(Washington) 26-41,period_1 player_787945478 team_756,False
2849220243,8.0,52.0,756,True,1st 01:32:00 : made by Bryson Tucker(Washington) 28-41,period_1 player_787945477 team_756,False
2849220245,93.0,5.0,559,False,1st 01:17:00 : missed by C.J. Cox(Purdue) 28-41,period_1 player_787945469 team_559,False
2849220247,91.0,45.0,559,True,1st 01:14:00 : made by Trey Kaufman-Renn(Purdue) 28-43,period_1 player_787945463 team_559,False
2849220248,11.0,4.0,756,False,1st 00:58:50 : missed by Quimari Peterson(Washington) 28-43,period_1 player_787945475 team_756,False
2849220252,30.0,32.0,756,False,1st 00:28:20 : missed by Hannes Steinbach(Washington) 28-43,period_1 player_787945481 team_756,False
2849220261,92.0,23.0,559,True,1st 00:00:30 : made by Omer Mayer(Purdue) 28-45,period_1 player_787945471 team_559,False
2849220272,15.0,44.0,559,False,2nd 19:43:00 : missed by Omer Mayer(Purdue) 28-45,period_2 player_787945471 team_559,False
2849220274,6.0,53.0,559,True,2nd 19:38:00 : made by Trey Kaufman-Renn(Purdue) 28-47,period_2 player_787945463 team_559,False
2849220275,77.0,12.0,756,False,2nd 19:15:00 : missed by Quimari Peterson(Washington) 28-47,period_2 player_787945475 team_756,False
2849220277,8.0,46.0,559,True,2nd 18:58:00 : made by Oscar Cluff(Purdue) 28-49,period_2 player_787945466 team_559,False
2849220279,89.0,52.0,756,False,2nd 18:38:00 : missed by Zoom Diallo(Washington) 28-49,period_2 player_787945478 team_756,False
2849220281,10.0,72.0,559,True,2nd 18:19:00 : made by Trey Kaufman-Renn(Purdue) 28-51,period_2 player_787945463 team_559,False
2849220282,93.0,58.0,756,True,2nd 17:44:00 : made by Franck Kepnang(Washington) 30-51,period_2 player_787945474 team_756,False
2849220286,83.0,54.0,756,False,2nd 17:18:00 : missed by Quimari Peterson(Washington) 30-51,period_2 player_787945475 team_756,False
2849220288,13.0,56.0,559,False,2nd 16:50:00 : missed by Trey Kaufman-Renn(Purdue) 30-51,period_2 player_787945463 team_559,False
2849220290,8.0,48.0,559,True,2nd 16:47:00 : made by Oscar Cluff(Purdue) 30-53,period_2 player_787945466 team_559,False
2849220291,87.0,46.0,756,True,2nd 16:23:00 : made by Desmond Claude(Washington) 32-53,period_2 player_787945476 team_756,False
2849220294,92.0,45.0,756,True,2nd 15:58:00 : made by Hannes Steinbach(Washington) 34-53,period_2 player_787945481 team_756,False
2849220303,15.0,31.0,559,False,2nd 15:42:00 : missed by Braden Smith(Purdue) 34-53,period_2 player_787945465 team_559,False
2849220305,5.0,4.0,559,True,2nd 15:37:00 : made by Braden Smith(Purdue) 34-56,period_2 player_787945465 team_559,False
2849220307,86.0,50.0,756,False,2nd 15:18:00 : missed by Hannes Steinbach(Washington) 34-56,period_2 player_787945481 team_756,False
2849220309,92.0,45.0,756,True,2nd 15:15:00 : made by Franck Kepnang(Washington) 36-56,period_2 player_787945474 team_756,False
2849220310,10.0,51.0,559,True,2nd 14:59:00 : made by Daniel Jacobsen(Purdue) 36-58,period_2 player_787945470 team_559,False
2849220312,93.0,54.0,756,True,2nd 14:37:00 : made by Hannes Steinbach(Washington) 38-58,period_2 player_787945481 team_756,False
2849220320,29.0,20.0,559,False,2nd 14:04:00 : missed by Fletcher Loyer(Purdue) 38-58,period_2 player_787945464 team_559,False
2849220322,15.0,50.0,559,False,2nd 13:50:00 : missed by Trey Kaufman-Renn(Purdue) 38-58,period_2 player_787945463 team_559,False
2849220324,70.0,69.0,756,False,2nd 13:31:00 : missed by Nikola Dzepina(Washington) 38-58,period_2 player_787945482 team_756,False
2849220327,31.0,63.0,559,False,2nd 13:19:00 : missed by Trey Kaufman-Renn(Purdue) 38-58,period_2 player_787945463 team_559,False
2849220329,92.0,22.0,756,True,2nd 13:08:00 : made by Desmond Claude(Washington) 40-58,period_2 player_787945476 team_756,False
2849220330,23.0,49.0,559,True,2nd 12:42:00 : made by Braden Smith(Purdue) 40-60,period_2 player_787945465 team_559,False
2849220331,81.0,30.0,756,False,2nd 12:11:00 : missed by Desmond Claude(Washington) 40-60,period_2 player_787945476 team_756,False
2849220342,93.0,46.0,756,False,2nd 11:36:00 : missed by Courtland Muldrew(Washington) 40-60,period_2 player_787945480 team_756,False
2849220344,14.0,48.0,559,False,2nd 11:22:00 : missed by Daniel Jacobsen(Purdue) 40-60,period_2 player_787945470 team_559,False
2849220350,10.0,49.0,559,True,2nd 10:43:00 : made by Daniel Jacobsen(Purdue) 40-62,period_2 player_787945470 team_559,False
2849220352,94.0,54.0,756,True,2nd 10:30:00 : made by Franck Kepnang(Washington) 42-62,period_2 player_787945474 team_756,False
2849220354,6.0,22.0,559,True,2nd 10:15:00 : made by Braden Smith(Purdue) 42-64,period_2 player_787945465 team_559,False
2849220364,8.0,54.0,559,False,2nd 09:51:00 : missed by Braden Smith(Purdue) 42-64,period_2 player_787945465 team_559,False
2849220366,92.0,44.0,756,True,2nd 09:34:00 : made by Zoom Diallo(Washington) 44-64,period_2 player_787945478 team_756,False
2849220374,7.0,5.0,559,False,2nd 09:12:00 : missed by C.J. Cox(Purdue) 45-64,period_2 player_787945469 team_559,False
2849220380,70.0,27.0,756,True,2nd 08:59:00 : made by Quimari Peterson(Washington) 48-64,period_2 player_787945475 team_756,False
2849220382,6.0,95.0,559,False,2nd 08:42:00 : missed by C.J. Cox(Purdue) 48-64,period_2 player_787945469 team_559,False
2849220384,10.0,47.0,559,False,2nd 08:38:00 : missed by Oscar Cluff(Purdue) 48-64,period_2 player_787945466 team_559,False
2849220386,90.0,46.0,756,True,2nd 08:21:00 : made by Hannes Steinbach(Washington) 50-64,period_2 player_787945481 team_756,False
2849220393,20.0,75.0,559,True,2nd 07:55:00 : made by Braden Smith(Purdue) 50-66,period_2 player_787945465 team_559,False
2849220394,93.0,95.0,756,True,2nd 07:42:00 : made by Quimari Peterson(Washington) 53-66,period_2 player_787945475 team_756,False
2849220396,17.0,6.0,559,True,2nd 07:15:00 : made by Omer Mayer(Purdue) 53-69,period_2 player_787945471 team_559,False
2849220401,76.0,15.0,756,False,2nd 06:53:00 : missed by JJ Mandaquit(Washington) 53-69,period_2 player_787945479 team_756,False
2849220403,5.0,5.0,559,False,2nd 06:32:00 : missed by C.J. Cox(Purdue) 53-69,period_2 player_787945469 team_559,False
2849220405,90.0,50.0,756,False,2nd 06:17:00 : missed by Zoom Diallo(Washington) 53-69,period_2 player_787945478 team_756,False
2849220408,91.0,56.0,756,True,2nd 06:04:00 : made by Hannes Steinbach(Washington) 55-69,period_2 player_787945481 team_756,False
2849220410,8.0,46.0,559,True,2nd 05:50:00 : made by Braden Smith(Purdue) 55-71,period_2 player_787945465 team_559,False
2849220411,84.0,6.0,756,True,2nd 05:44:00 : made by Quimari Peterson(Washington) 58-71,period_2 player_787945475 team_756,False
2849220413,20.0,50.0,559,False,2nd 05:14:00 : missed by Trey Kaufman-Renn(Purdue) 58-71,period_2 player_787945463 team_559,False
2849220419,69.0,57.0,756,False,2nd 04:57:00 : missed by Quimari Peterson(Washington) 58-71,period_2 player_787945475 team_756,False
2849220423,21.0,25.0,559,False,2nd 04:26:00 : missed by C.J. Cox(Purdue) 58-71,period_2 player_787945469 team_559,False
2849220427,80.0,55.0,756,False,2nd 04:13:00 : missed by JJ Mandaquit(Washington) 58-71,period_2 player_787945479 team_756,False
2849220430,93.0,4.0,756,False,2nd 04:03:00 : missed by Quimari Peterson(Washington) 58-71,period_2 player_787945475 team_756,False
2849220432,80.0,89.0,756,False,2nd 03:50:00 : missed by JJ Mandaquit(Washington) 58-71,period_2 player_787945479 team_756,False
2849220439,93.0,53.0,756,True,2nd 03:37:00 : made by Hannes Steinbach(Washington) 61-71,period_2 player_787945481 team_756,False
2849220445,22.0,34.0,559,True,2nd 03:23:00 : made by Braden Smith(Purdue) 61-73,period_2 player_787945465 team_559,False
2849220446,88.0,3.0,756,True,2nd 03:10:00 : made by Quimari Peterson(Washington) 64-73,period_2 player_787945475 team_756,False
2849220449,16.0,53.0,559,True,2nd 02:43:00 : made by C.J. Cox(Purdue) 64-75,period_2 player_787945469 team_559,False
2849220452,9.0,45.0,559,False,2nd 02:23:00 : missed by Oscar Cluff(Purdue) 64-75,period_2 player_787945466 team_559,False
2849220454,9.0,48.0,559,False,2nd 02:21:00 : missed by Trey Kaufman-Renn(Purdue) 64-75,period_2 player_787945463 team_559,False
2849220460,71.0,73.0,756,False,2nd 02:11:00 : missed by Quimari Peterson(Washington) 64-77,period_2 player_787945475 team_756,False
2849220462,19.0,41.0,559,False,2nd 01:57:00 : missed by Braden Smith(Purdue) 64-77,period_2 player_787945465 team_559,False
2849220464,94.0,53.0,756,False,2nd 01:48:00 : missed by JJ Mandaquit(Washington) 64-77,period_2 player_787945479 team_756,False
2849220471,83.0,48.0,756,True,2nd 01:14:00 : made by Zoom Diallo(Washington) 66-77,period_2 player_787945478 team_756,False
2849220474,93.0,54.0,756,False,2nd 01:02:00 : missed by Quimari Peterson(Washington) 66-77,period_2 player_787945475 team_756,False
2849220478,86.0,5.0,756,False,2nd 00:46:80 : missed by Quimari Peterson(Washington) 66-77,period_2 player_787945475 team_756,False
2849220480,8.0,44.0,559,True,2nd 00:38:10 : made by Fletcher Loyer(Purdue) 66-79,period_2 player_787945464 team_559,False
2849220482,80.0,8.0,756,True,2nd 00:26:90 : made by Hannes Steinbach(Washington) 69-79,period_2 player_787945481 team_756,False
2849220488,92.0,52.0,756,True,2nd 00:15:00 : made by Bryson Tucker(Washington) 71-79,period_2 player_787945477 team_756,False
2849220497,92.0,54.0,756,True,2nd 00:07:30 : made by JJ Mandaquit(Washington) 73-81,period_2 player_787945479 team_756,False
2850104606,85.0,49.0,559,False,1st 19:33:00 : missed by Trey Kaufman-Renn(Purdue) 0-0,period_1 player_788009040 team_559,False
2850104610,29.0,65.0,539,False,1st 19:11:00 : missed by Freddie Dilione V(Penn St.) 0-0,period_1 player_788009065 team_539,False
2850104614,73.0,73.0,559,False,1st 18:58:00 : missed by C.J. Cox(Purdue) 0-0,period_1 player_788009053 team_559,False
2850104618,30.0,32.0,539,True,1st 18:33:00 : made by Eli Rice(Penn St.) 3-0,period_1 player_788009068 team_539,False
2850104622,93.0,45.0,559,True,1st 18:10:00 : made by Trey Kaufman-Renn(Purdue) 3-2,period_1 player_788009040 team_559,False
2850104626,10.0,40.0,539,False,1st 17:45:00 : missed by Freddie Dilione V(Penn St.) 3-2,period_1 player_788009065 team_539,False
2850104630,75.0,78.0,559,True,1st 17:35:00 : made by Braden Smith(Purdue) 3-5,period_1 player_788009045 team_559,False
2850104634,11.0,13.0,539,False,1st 17:00:00 : missed by Freddie Dilione V(Penn St.) 3-5,period_1 player_788009065 team_539,False
2850104640,90.0,46.0,559,True,1st 16:44:00 : made by Oscar Cluff(Purdue) 3-7,period_1 player_788009047 team_559,False
2850104648,7.0,26.0,539,True,1st 16:25:00 : made by Freddie Dilione V(Penn St.) 5-7,period_1 player_788009065 team_539,False
2850104650,68.0,33.0,559,False,1st 16:04:00 : missed by Fletcher Loyer(Purdue) 5-7,period_1 player_788009043 team_559,False
2850104654,94.0,49.0,559,True,1st 15:58:00 : made by Trey Kaufman-Renn(Purdue) 5-9,period_1 player_788009040 team_559,False
2850104658,8.0,5.0,539,True,1st 15:44:00 : made by Josh Reed(Penn St.) 8-9,period_1 player_788009062 team_539,False
2850104662,79.0,12.0,559,False,1st 15:12:00 : missed by Fletcher Loyer(Purdue) 8-9,period_1 player_788009043 team_559,False
2850104666,22.0,86.0,539,False,1st 15:05:00 : missed by Dominick Stewart(Penn St.) 8-9,period_1 player_788009075 team_539,False
2850104698,69.0,44.0,559,False,1st 14:14:00 : missed by Braden Smith(Purdue) 8-10,period_1 player_788009045 team_559,False
2850104712,28.0,77.0,539,False,1st 13:35:00 : missed by Freddie Dilione V(Penn St.) 8-10,period_1 player_788009065 team_539,False
2850104716,6.0,50.0,539,True,1st 13:24:00 : made by Sasa Ciani(Penn St.) 10-10,period_1 player_788009071 team_539,False
2850104718,92.0,94.0,559,True,1st 13:11:00 : made by Braden Smith(Purdue) 10-13,period_1 player_788009045 team_559,False
2850104722,10.0,45.0,539,True,1st 12:49:00 : made by Mason Blackwood(Penn St.) 12-13,period_1 player_788009079 team_539,False
2850104724,92.0,55.0,559,True,1st 12:30:00 : made by Braden Smith(Purdue) 12-15,period_1 player_788009045 team_559,False
2850104726,26.0,80.0,539,False,1st 12:17:00 : missed by Sasa Ciani(Penn St.) 12-15,period_1 player_788009071 team_539,False
2850104730,93.0,62.0,559,True,1st 12:07:00 : made by Braden Smith(Purdue) 12-17,period_1 player_788009045 team_559,False
2850104734,9.0,4.0,539,True,1st 11:47:00 : made by Melih Tunca(Penn St.) 15-17,period_1 player_788009087 team_539,False
2850104738,94.0,94.0,559,False,1st 11:26:00 : missed by Gicarri Harris(Purdue) 15-17,period_1 player_788009049 team_559,False
2850104766,91.0,58.0,559,False,1st 10:43:00 : missed by Daniel Jacobsen(Purdue) 17-17,period_1 player_788009054 team_559,False
2850104770,7.0,95.0,539,False,1st 10:30:00 : missed by Mason Blackwood(Penn St.) 17-17,period_1 player_788009079 team_539,False
2850104774,70.0,25.0,559,False,1st 10:14:00 : missed by Jack Benter(Purdue) 17-17,period_1 player_788009051 team_559,False
2850104778,20.0,89.0,539,False,1st 09:57:00 : missed by Ivan Juric(Penn St.) 17-17,period_1 player_788009083 team_539,False
2850104781,92.0,55.0,559,True,1st 09:46:00 : made by Braden Smith(Purdue) 17-19,period_1 player_788009045 team_559,False
2850104783,7.0,46.0,539,True,1st 09:25:00 : made by Sasa Ciani(Penn St.) 19-19,period_1 player_788009071 team_539,False
2850104787,69.0,47.0,559,True,1st 09:08:00 : made by Braden Smith(Purdue) 19-22,period_1 player_788009045 team_559,False
2850104791,32.0,38.0,539,True,1st 08:36:00 : made by Ivan Juric(Penn St.) 22-22,period_1 player_788009083 team_539,False
2850104795,94.0,50.0,559,True,1st 08:11:00 : made by Daniel Jacobsen(Purdue) 22-24,period_1 player_788009054 team_559,False
2850104799,7.0,52.0,539,True,1st 07:52:00 : made by Melih Tunca(Penn St.) 24-24,period_1 player_788009087 team_539,False
2850104801,92.0,55.0,559,False,1st 07:27:00 : missed by Gicarri Harris(Purdue) 24-24,period_1 player_788009049 team_559,False
2850104830,6.0,55.0,539,True,1st 07:05:00 : made by Ivan Juric(Penn St.) 26-24,period_1 player_788009083 team_539,False
2850104834,94.0,5.0,559,False,1st 06:42:00 : missed by Omer Mayer(Purdue) 26-24,period_1 player_788009057 team_559,False
2850104845,29.0,20.0,539,False,1st 06:14:00 : missed by Dominick Stewart(Penn St.) 26-24,period_1 player_788009075 team_539,False
2850104849,31.0,52.0,539,True,1st 05:57:00 : made by Freddie Dilione V(Penn St.) 29-24,period_1 player_788009065 team_539,False
2850104853,83.0,71.0,559,False,1st 05:35:00 : missed by Braden Smith(Purdue) 29-24,period_1 player_788009045 team_559,False
2850104857,92.0,53.0,559,True,1st 05:34:00 : made by Oscar Cluff(Purdue) 29-26,period_1 player_788009047 team_559,False
2850104881,85.0,55.0,559,True,1st 04:55:00 : made by Braden Smith(Purdue) 29-28,period_1 player_788009045 team_559,False
2850104892,69.0,35.0,559,True,1st 04:34:00 : made by Fletcher Loyer(Purdue) 29-31,period_1 player_788009043 team_559,False
2850104900,92.0,44.0,559,True,1st 04:03:00 : made by Fletcher Loyer(Purdue) 29-33,period_1 player_788009043 team_559,False
2850104908,29.0,30.0,539,False,1st 03:40:00 : missed by Freddie Dilione V(Penn St.) 29-33,period_1 player_788009065 team_539,False
2850104923,92.0,49.0,559,True,1st 03:20:00 : made by Oscar Cluff(Purdue) 29-35,period_1 player_788009047 team_559,False
2850104927,33.0,34.0,539,True,1st 02:59:00 : made by Melih Tunca(Penn St.) 32-35,period_1 player_788009087 team_539,False
2850104941,31.0,48.0,539,True,1st 02:30:00 : made by Eli Rice(Penn St.) 35-37,period_1 player_788009068 team_539,False
2850104944,82.0,8.0,559,True,1st 02:10:00 : made by Fletcher Loyer(Purdue) 35-40,period_1 player_788009043 team_559,False
2850104959,6.0,50.0,539,True,1st 01:46:00 : made by Freddie Dilione V(Penn St.) 39-40,period_1 player_788009065 team_539,False
2850104961,95.0,94.0,559,True,1st 01:27:00 : made by C.J. Cox(Purdue) 39-43,period_1 player_788009053 team_559,False
2850104965,22.0,13.0,539,True,1st 01:13:00 : made by Josh Reed(Penn St.) 42-43,period_1 player_788009062 team_539,False
2850104969,79.0,72.0,559,False,1st 00:52:10 : missed by Braden Smith(Purdue) 42-43,period_1 player_788009045 team_559,False
2850104982,91.0,17.0,559,True,1st 00:50:30 : made by C.J. Cox(Purdue) 42-45,period_1 player_788009053 team_559,False
2850104986,31.0,45.0,539,False,1st 00:39:60 : missed by Ivan Juric(Penn St.) 42-45,period_1 player_788009083 team_539,False
2850104991,6.0,54.0,539,True,1st 00:22:20 : made by Eli Rice(Penn St.) 44-45,period_1 player_788009068 team_539,False
2850104994,74.0,22.0,559,False,1st 00:05:90 : missed by C.J. Cox(Purdue) 44-45,period_1 player_788009053 team_559,False
2850105029,69.0,58.0,539,False,2nd 19:50:00 : missed by Eli Rice(Penn St.) 44-45,period_2 player_788009068 team_539,False
2850105031,9.0,6.0,559,True,2nd 19:30:00 : made by Braden Smith(Purdue) 44-48,period_2 player_788009045 team_559,False
2850105032,88.0,52.0,539,False,2nd 19:16:00 : missed by Dominick Stewart(Penn St.) 44-48,period_2 player_788009075 team_539,False
2850105034,5.0,50.0,559,True,2nd 19:06:00 : made by Oscar Cluff(Purdue) 44-50,period_2 player_788009047 team_559,False
2850105043,13.0,43.0,559,True,2nd 18:03:00 : made by Braden Smith(Purdue) 47-52,period_2 player_788009045 team_559,False
2850105044,91.0,44.0,539,False,2nd 17:54:00 : missed by Freddie Dilione V(Penn St.) 47-52,period_2 player_788009065 team_539,False
2850105047,26.0,80.0,559,False,2nd 17:48:00 : missed by Braden Smith(Purdue) 47-52,period_2 player_788009045 team_559,False
2850105049,65.0,27.0,539,False,2nd 17:17:00 : missed by Freddie Dilione V(Penn St.) 47-52,period_2 player_788009065 team_539,False
2850105052,30.0,31.0,559,True,2nd 17:10:00 : made by C.J. Cox(Purdue) 47-55,period_2 player_788009053 team_559,False
2850105065,7.0,4.0,559,False,2nd 16:40:00 : missed by C.J. Cox(Purdue) 49-55,period_2 player_788009053 team_559,False
2850105073,5.0,56.0,559,True,2nd 16:37:00 : made by Trey Kaufman-Renn(Purdue) 49-57,period_2 player_788009040 team_559,False
2850105077,73.0,77.0,539,False,2nd 16:19:00 : missed by Josh Reed(Penn St.) 49-57,period_2 player_788009062 team_539,False
2850105081,6.0,95.0,559,True,2nd 16:10:00 : made by C.J. Cox(Purdue) 49-60,period_2 player_788009053 team_559,False
2850105084,84.0,49.0,539,False,2nd 15:39:00 : missed by Freddie Dilione V(Penn St.) 49-60,period_2 player_788009065 team_539,False
2850105088,9.0,52.0,559,False,2nd 15:21:00 : missed by Braden Smith(Purdue) 49-60,period_2 player_788009045 team_559,False
2850105092,88.0,47.0,539,True,2nd 15:01:00 : made by Melih Tunca(Penn St.) 51-60,period_2 player_788009087 team_539,False
2850105097,27.0,75.0,559,False,2nd 14:41:00 : missed by Fletcher Loyer(Purdue) 51-60,period_2 player_788009043 team_559,False
2850105128,26.0,22.0,559,False,2nd 14:35:00 : missed by Fletcher Loyer(Purdue) 51-60,period_2 player_788009043 team_559,False
2850105133,91.0,43.0,539,True,2nd 14:21:00 : made by Sasa Ciani(Penn St.) 53-60,period_2 player_788009071 team_539,False
2850105144,19.0,8.0,559,True,2nd 14:05:00 : made by Fletcher Loyer(Purdue) 53-63,period_2 player_788009043 team_559,False
2850105149,77.0,86.0,539,False,2nd 13:44:00 : missed by Melih Tunca(Penn St.) 53-63,period_2 player_788009087 team_539,False
2850105153,91.0,53.0,539,True,2nd 13:32:00 : made by Melih Tunca(Penn St.) 55-63,period_2 player_788009087 team_539,False
2850105159,25.0,20.0,559,False,2nd 13:17:00 : missed by Gicarri Harris(Purdue) 55-63,period_2 player_788009049 team_559,False
2850105163,73.0,49.0,539,False,2nd 12:58:00 : missed by Melih Tunca(Penn St.) 55-63,period_2 player_788009087 team_539,False
2850105194,88.0,95.0,539,False,2nd 12:12:00 : missed by Freddie Dilione V(Penn St.) 55-63,period_2 player_788009065 team_539,False
2850105198,7.0,46.0,559,True,2nd 11:48:00 : made by Fletcher Loyer(Purdue) 55-65,period_2 player_788009043 team_559,False
2850105208,92.0,53.0,539,True,2nd 11:33:00 : made by Mason Blackwood(Penn St.) 57-66,period_2 player_788009079 team_539,False
2850105210,21.0,37.0,559,True,2nd 11:14:00 : made by Braden Smith(Purdue) 57-68,period_2 player_788009045 team_559,False
2850105212,92.0,56.0,539,True,2nd 11:03:00 : made by Freddie Dilione V(Penn St.) 59-68,period_2 player_788009065 team_539,False
2850105234,23.0,85.0,559,False,2nd 10:48:00 : missed by Braden Smith(Purdue) 59-68,period_2 player_788009045 team_559,False
2850105238,94.0,50.0,539,True,2nd 10:41:00 : made by Mason Blackwood(Penn St.) 61-68,period_2 player_788009079 team_539,False
2850105258,8.0,48.0,559,True,2nd 10:00:00 : made by Gicarri Harris(Purdue) 61-70,period_2 player_788009049 team_559,False
2850105260,73.0,24.0,539,False,2nd 09:47:00 : missed by Melih Tunca(Penn St.) 61-70,period_2 player_788009087 team_539,False
2850105268,21.0,11.0,559,False,2nd 09:35:00 : missed by Jack Benter(Purdue) 61-70,period_2 player_788009051 team_559,False
2850105273,94.0,52.0,539,True,2nd 09:26:00 : made by Freddie Dilione V(Penn St.) 63-70,period_2 player_788009065 team_539,False
2850105277,5.0,74.0,559,False,2nd 09:00:00 : missed by Omer Mayer(Purdue) 63-70,period_2 player_788009057 team_559,False
2850105281,7.0,46.0,559,True,2nd 08:57:00 : made by Oscar Cluff(Purdue) 63-72,period_2 player_788009047 team_559,False
2850105284,92.0,45.0,539,True,2nd 08:33:00 : made by Ivan Juric(Penn St.) 65-72,period_2 player_788009083 team_539,False
2850105286,7.0,47.0,559,True,2nd 08:14:00 : made by Braden Smith(Purdue) 65-74,period_2 player_788009045 team_559,False
2850105310,92.0,53.0,539,True,2nd 07:55:00 : made by Freddie Dilione V(Penn St.) 67-74,period_2 player_788009065 team_539,False
2850105312,22.0,15.0,559,False,2nd 07:34:00 : missed by C.J. Cox(Purdue) 67-74,period_2 player_788009053 team_559,False
2850105317,7.0,46.0,559,True,2nd 07:29:00 : made by Oscar Cluff(Purdue) 67-76,period_2 player_788009047 team_559,False
2850105338,92.0,54.0,539,True,2nd 07:03:00 : made by Freddie Dilione V(Penn St.) 69-76,period_2 player_788009065 team_539,False
2850105341,29.0,69.0,559,True,2nd 06:49:00 : made by Fletcher Loyer(Purdue) 69-79,period_2 player_788009043 team_559,False
2850105346,92.0,44.0,539,True,2nd 06:34:00 : made by Melih Tunca(Penn St.) 71-79,period_2 player_788009087 team_539,False
2850105359,31.0,50.0,559,False,2nd 06:02:00 : missed by Braden Smith(Purdue) 71-79,period_2 player_788009045 team_559,False
2850105364,7.0,44.0,559,True,2nd 05:56:00 : made by Oscar Cluff(Purdue) 71-81,period_2 player_788009047 team_559,False
2850105369,73.0,74.0,539,True,2nd 05:38:00 : made by Eli Rice(Penn St.) 74-81,period_2 player_788009068 team_539,False
2850105374,11.0,50.0,559,True,2nd 05:15:00 : made by Oscar Cluff(Purdue) 74-83,period_2 player_788009047 team_559,False
2850105382,8.0,45.0,559,True,2nd 05:00:00 : made by C.J. Cox(Purdue) 74-85,period_2 player_788009053 team_559,False
2850105409,7.0,47.0,559,True,2nd 04:45:00 : made by C.J. Cox(Purdue) 74-88,period_2 player_788009053 team_559,False
2850105433,93.0,69.0,539,False,2nd 04:14:00 : missed by Freddie Dilione V(Penn St.) 74-88,period_2 player_788009065 team_539,False
2850105437,12.0,50.0,559,False,2nd 03:51:00 : missed by Oscar Cluff(Purdue) 74-88,period_2 player_788009047 team_559,False
2850105441,82.0,92.0,539,True,2nd 03:38:00 : made by Mason Blackwood(Penn St.) 77-88,period_2 player_788009079 team_539,False
2850105443,12.0,45.0,559,False,2nd 03:13:00 : missed by Trey Kaufman-Renn(Purdue) 77-88,period_2 player_788009040 team_559,False
2850105447,91.0,45.0,539,False,2nd 03:06:00 : missed by Dominick Stewart(Penn St.) 77-88,period_2 player_788009075 team_539,False
2850105451,94.0,50.0,539,True,2nd 03:02:00 : made by Freddie Dilione V(Penn St.) 79-88,period_2 player_788009065 team_539,False
2850105453,8.0,33.0,559,False,2nd 02:44:00 : missed by Trey Kaufman-Renn(Purdue) 79-88,period_2 player_788009040 team_559,False
2850105468,30.0,58.0,559,False,2nd 01:58:00 : missed by C.J. Cox(Purdue) 79-89,period_2 player_788009053 team_559,False
2850105472,92.0,55.0,539,False,2nd 01:45:00 : missed by Eli Rice(Penn St.) 79-89,period_2 player_788009068 team_539,False
2850105476,9.0,47.0,559,True,2nd 01:38:00 : made by Oscar Cluff(Purdue) 79-91,period_2 player_788009047 team_559,False
2850105495,73.0,19.0,539,True,2nd 01:09:00 : made by Freddie Dilione V(Penn St.) 82-91,period_2 player_788009065 team_539,False
2850105500,7.0,47.0,559,True,2nd 00:38:60 : made by Oscar Cluff(Purdue) 82-93,period_2 player_788009047 team_559,False
2850105505,72.0,26.0,539,True,2nd 00:29:60 : made by Freddie Dilione V(Penn St.) 85-93,period_2 player_788009065 team_539,False
2851315182,94.0,53.0,559,True,1st 19:42:00 : made by Trey Kaufman-Renn(Purdue) 0-2,period_1 player_788090623 team_559,False
2851315184,10.0,5.0,312,True,1st 19:25:00 : made by Tavion Banks(Iowa) 3-2,period_1 player_788090639 team_312,False
2851315186,68.0,46.0,559,False,1st 19:03:00 : missed by C.J. Cox(Purdue) 3-2,period_1 player_788090629 team_559,False
2851315188,22.0,86.0,312,True,1st 18:49:00 : made by Tavion Banks(Iowa) 6-2,period_1 player_788090639 team_312,False
2851315190,94.0,44.0,559,False,1st 18:24:00 : missed by Trey Kaufman-Renn(Purdue) 6-2,period_1 player_788090623 team_559,False
2851315196,19.0,48.0,312,True,1st 18:08:00 : made by Kael Combs(Iowa) 8-4,period_1 player_788090636 team_312,False
2851315202,86.0,51.0,559,False,1st 17:31:00 : missed by C.J. Cox(Purdue) 8-4,period_1 player_788090629 team_559,False
2851315207,93.0,50.0,559,True,1st 16:55:00 : made by Oscar Cluff(Purdue) 8-6,period_1 player_788090626 team_559,False
2851315209,28.0,76.0,312,True,1st 16:30:00 : made by Cooper Koch(Iowa) 11-6,period_1 player_788090638 team_312,False
2851315211,85.0,34.0,559,False,1st 15:56:00 : missed by Trey Kaufman-Renn(Purdue) 11-6,period_1 player_788090623 team_559,False
2851315226,7.0,54.0,312,False,1st 15:23:00 : missed by Tate Sage(Iowa) 11-8,period_1 player_788090641 team_312,False
2851315229,92.0,66.0,559,True,1st 15:01:00 : made by Fletcher Loyer(Purdue) 11-10,period_1 player_788090624 team_559,False
2851315231,9.0,40.0,312,False,1st 14:41:00 : missed by Tavion Banks(Iowa) 11-10,period_1 player_788090639 team_312,False
2851315233,92.0,55.0,559,True,1st 14:22:00 : made by Daniel Jacobsen(Purdue) 11-12,period_1 player_788090630 team_559,False
2851315235,9.0,41.0,312,False,1st 14:06:00 : missed by Tate Sage(Iowa) 11-12,period_1 player_788090641 team_312,False
2851315244,21.0,11.0,312,True,1st 13:41:00 : made by Kael Combs(Iowa) 14-13,period_1 player_788090636 team_312,False
2851315250,6.0,45.0,312,True,1st 13:14:00 : made by Alvaro Folgueiras(Iowa) 16-13,period_1 player_788090637 team_312,False
2851315252,81.0,32.0,559,False,1st 12:52:00 : missed by Braden Smith(Purdue) 16-13,period_1 player_788090625 team_559,False
2851315265,95.0,95.0,559,True,1st 12:19:00 : made by Fletcher Loyer(Purdue) 16-16,period_1 player_788090624 team_559,False
2851315267,14.0,95.0,312,True,1st 11:58:00 : made by Tate Sage(Iowa) 19-16,period_1 player_788090641 team_312,False
2851315269,66.0,59.0,559,False,1st 11:37:00 : missed by Fletcher Loyer(Purdue) 19-16,period_1 player_788090624 team_559,False
2851315271,29.0,19.0,312,False,1st 11:28:00 : missed by Bennett Stirtz(Iowa) 19-16,period_1 player_788090634 team_312,False
2851315287,67.0,51.0,559,False,1st 10:52:00 : missed by Jack Benter(Purdue) 19-16,period_1 player_788090628 team_559,False
2851315289,17.0,52.0,312,True,1st 10:24:00 : made by Kael Combs(Iowa) 21-16,period_1 player_788090636 team_312,False
2851315290,93.0,55.0,559,True,1st 10:08:00 : made by Oscar Cluff(Purdue) 21-18,period_1 player_788090626 team_559,False
2851315292,8.0,48.0,312,True,1st 09:48:00 : made by Cam Manyawu(Iowa) 23-18,period_1 player_788090635 team_312,False
2851315294,82.0,8.0,559,True,1st 09:33:00 : made by Jack Benter(Purdue) 23-21,period_1 player_788090628 team_559,False
2851315296,20.0,90.0,312,False,1st 09:06:00 : missed by Bennett Stirtz(Iowa) 23-21,period_1 player_788090634 team_312,False
2851315298,67.0,36.0,559,True,1st 08:53:00 : made by Jack Benter(Purdue) 23-24,period_1 player_788090628 team_559,False
2851315306,90.0,54.0,559,False,1st 08:11:00 : missed by Jack Benter(Purdue) 23-24,period_1 player_788090628 team_559,False
2851315319,87.0,33.0,559,False,1st 07:43:00 : missed by Braden Smith(Purdue) 25-24,period_1 player_788090625 team_559,False
2851315322,32.0,40.0,312,False,1st 07:22:00 : missed by Tate Sage(Iowa) 25-24,period_1 player_788090641 team_312,False
2851315324,93.0,5.0,559,True,1st 07:07:00 : made by Omer Mayer(Purdue) 25-27,period_1 player_788090631 team_559,False
2851315334,83.0,34.0,559,False,1st 06:21:00 : missed by Omer Mayer(Purdue) 26-27,period_1 player_788090631 team_559,False
2851315338,7.0,53.0,312,False,1st 05:56:00 : missed by Tavion Banks(Iowa) 26-27,period_1 player_788090639 team_312,False
2851315340,81.0,26.0,559,True,1st 05:25:00 : made by C.J. Cox(Purdue) 26-29,period_1 player_788090629 team_559,False
2851315341,17.0,92.0,312,True,1st 04:56:00 : made by Bennett Stirtz(Iowa) 29-29,period_1 player_788090634 team_312,False
2851315342,68.0,63.0,559,False,1st 04:34:00 : missed by Jack Benter(Purdue) 29-29,period_1 player_788090628 team_559,False
2851315344,92.0,46.0,559,False,1st 04:28:00 : missed by Daniel Jacobsen(Purdue) 29-29,period_1 player_788090630 team_559,False
2851315346,89.0,48.0,559,False,1st 04:25:00 : missed by Daniel Jacobsen(Purdue) 29-29,period_1 player_788090630 team_559,False
2851315361,15.0,20.0,312,False,1st 03:39:00 : missed by Tavion Banks(Iowa) 29-29,period_1 player_788090639 team_312,False
2851315363,90.0,4.0,559,False,1st 03:21:00 : missed by Gicarri Harris(Purdue) 29-29,period_1 player_788090627 team_559,False
2851315365,17.0,35.0,312,True,1st 02:52:00 : made by Bennett Stirtz(Iowa) 31-29,period_1 player_788090634 team_312,False
2851315366,83.0,50.0,559,False,1st 02:30:00 : missed by Fletcher Loyer(Purdue) 31-29,period_1 player_788090624 team_559,False
2851315375,90.0,48.0,559,True,1st 01:45:00 : made by Daniel Jacobsen(Purdue) 31-31,period_1 player_788090630 team_559,False
2851315377,11.0,55.0,312,False,1st 01:14:00 : missed by Bennett Stirtz(Iowa) 31-31,period_1 player_788090634 team_312,False
2851315379,88.0,51.0,559,False,1st 00:53:10 : missed by Fletcher Loyer(Purdue) 31-31,period_1 player_788090624 team_559,False
2851315381,12.0,26.0,312,False,1st 00:42:60 : missed by Kael Combs(Iowa) 31-31,period_1 player_788090636 team_312,False
2851315383,33.0,60.0,312,True,1st 00:24:80 : made by Kael Combs(Iowa) 34-31,period_1 player_788090636 team_312,False
2851315384,68.0,26.0,559,False,1st 00:03:50 : missed by Jack Benter(Purdue) 34-31,period_1 player_788090628 team_559,False
2851315386,95.0,54.0,559,False,1st 00:00:10 : missed by Daniel Jacobsen(Purdue) 34-31,period_1 player_788090630 team_559,False
2851315405,92.0,53.0,312,True,2nd 18:49:00 : made by Cam Manyawu(Iowa) 36-31,period_2 player_788090635 team_312,False
2851315408,86.0,48.0,312,False,2nd 18:05:00 : missed by Cam Manyawu(Iowa) 36-31,period_2 player_788090635 team_312,False
2851315410,9.0,52.0,559,True,2nd 17:54:00 : made by Braden Smith(Purdue) 36-33,period_2 player_788090625 team_559,False
2851315411,79.0,28.0,312,True,2nd 17:38:00 : made by Bennett Stirtz(Iowa) 38-33,period_2 player_788090634 team_312,False
2851315412,10.0,51.0,559,True,2nd 17:13:00 : made by Trey Kaufman-Renn(Purdue) 38-35,period_2 player_788090623 team_559,False
2851315417,86.0,51.0,312,False,2nd 17:02:00 : missed by Cam Manyawu(Iowa) 38-36,period_2 player_788090635 team_312,False
2851315419,8.0,47.0,559,True,2nd 16:46:00 : made by Trey Kaufman-Renn(Purdue) 38-38,period_2 player_788090623 team_559,False
2851315426,67.0,70.0,312,False,2nd 16:35:00 : missed by Bennett Stirtz(Iowa) 38-39,period_2 player_788090634 team_312,False
2851315428,87.0,70.0,312,True,2nd 16:26:00 : made by Bennett Stirtz(Iowa) 40-39,period_2 player_788090634 team_312,False
2851315434,17.0,49.0,559,False,2nd 16:04:00 : missed by Trey Kaufman-Renn(Purdue) 41-39,period_2 player_788090623 team_559,False
2851315436,94.0,5.0,312,True,2nd 15:49:00 : made by Kael Combs(Iowa) 44-39,period_2 player_788090636 team_312,False
2851315438,24.0,17.0,559,False,2nd 15:28:00 : missed by Fletcher Loyer(Purdue) 44-39,period_2 player_788090624 team_559,False
2851315440,73.0,79.0,312,False,2nd 15:11:00 : missed by Bennett Stirtz(Iowa) 44-39,period_2 player_788090634 team_312,False
2851315444,91.0,49.0,312,True,2nd 14:59:00 : made by Cam Manyawu(Iowa) 46-39,period_2 player_788090635 team_312,False
2851315448,92.0,53.0,312,True,2nd 14:36:00 : made by Cam Manyawu(Iowa) 48-39,period_2 player_788090635 team_312,False
2851315454,24.0,45.0,559,True,2nd 14:21:00 : made by Braden Smith(Purdue) 48-41,period_2 player_788090625 team_559,False
2851315455,82.0,93.0,312,False,2nd 14:01:00 : missed by Cooper Koch(Iowa) 48-41,period_2 player_788090638 team_312,False
2851315457,9.0,18.0,559,False,2nd 13:43:00 : missed by Trey Kaufman-Renn(Purdue) 48-41,period_2 player_788090623 team_559,False
2851315459,67.0,22.0,312,False,2nd 13:30:00 : missed by Alvaro Folgueiras(Iowa) 48-41,period_2 player_788090637 team_312,False
2851315461,93.0,54.0,312,False,2nd 13:11:00 : missed by Cam Manyawu(Iowa) 48-41,period_2 player_788090635 team_312,False
2851315463,15.0,41.0,559,True,2nd 12:58:00 : made by Braden Smith(Purdue) 48-43,period_2 player_788090625 team_559,False
2851315466,23.0,55.0,559,False,2nd 12:22:00 : missed by Braden Smith(Purdue) 48-43,period_2 player_788090625 team_559,False
2851315468,6.0,50.0,559,True,2nd 12:14:00 : made by Daniel Jacobsen(Purdue) 48-45,period_2 player_788090630 team_559,False
2851315469,94.0,48.0,312,True,2nd 12:01:00 : made by Alvaro Folgueiras(Iowa) 50-45,period_2 player_788090637 team_312,False
2851315482,9.0,71.0,559,True,2nd 11:03:00 : made by Fletcher Loyer(Purdue) 50-47,period_2 player_788090624 team_559,False
2851315492,26.0,76.0,559,False,2nd 10:32:00 : missed by Trey Kaufman-Renn(Purdue) 50-47,period_2 player_788090623 team_559,False
2851315496,8.0,43.0,559,True,2nd 10:13:00 : made by Braden Smith(Purdue) 50-49,period_2 player_788090625 team_559,False
2851315505,93.0,49.0,312,True,2nd 09:54:00 : made by Cam Manyawu(Iowa) 52-50,period_2 player_788090635 team_312,False
2851315507,7.0,52.0,559,True,2nd 09:34:00 : made by Braden Smith(Purdue) 52-52,period_2 player_788090625 team_559,False
2851315517,10.0,47.0,559,True,2nd 09:09:00 : made by Oscar Cluff(Purdue) 52-55,period_2 player_788090626 team_559,False
2851315519,91.0,62.0,312,True,2nd 08:51:00 : made by Bennett Stirtz(Iowa) 54-55,period_2 player_788090634 team_312,False
2851315523,6.0,41.0,559,True,2nd 08:39:00 : made by Omer Mayer(Purdue) 55-57,period_2 player_788090631 team_559,False
2851315525,70.0,18.0,312,True,2nd 08:10:00 : made by Bennett Stirtz(Iowa) 58-57,period_2 player_788090634 team_312,False
2851315526,5.0,68.0,559,True,2nd 07:40:00 : made by Braden Smith(Purdue) 58-59,period_2 player_788090625 team_559,False
2851315527,75.0,84.0,312,True,2nd 07:18:00 : made by Kael Combs(Iowa) 61-59,period_2 player_788090636 team_312,False
2851315529,24.0,81.0,559,True,2nd 06:57:00 : made by Gicarri Harris(Purdue) 61-62,period_2 player_788090627 team_559,False
2851315531,90.0,70.0,312,False,2nd 06:25:00 : missed by Kael Combs(Iowa) 61-62,period_2 player_788090636 team_312,False
2851315541,9.0,45.0,559,True,2nd 06:04:00 : made by Trey Kaufman-Renn(Purdue) 61-64,period_2 player_788090623 team_559,False
2851315549,68.0,65.0,312,True,2nd 05:17:00 : made by Tate Sage(Iowa) 64-64,period_2 player_788090641 team_312,False
2851315558,92.0,4.0,312,False,2nd 04:24:00 : missed by Bennett Stirtz(Iowa) 64-65,period_2 player_788090634 team_312,False
2851315564,8.0,55.0,559,True,2nd 04:06:00 : made by Oscar Cluff(Purdue) 64-67,period_2 player_788090626 team_559,False
2851315566,93.0,4.0,312,False,2nd 03:38:00 : missed by Tate Sage(Iowa) 64-67,period_2 player_788090641 team_312,False
2851315578,18.0,32.0,559,False,2nd 02:54:00 : missed by Trey Kaufman-Renn(Purdue) 64-69,period_2 player_788090623 team_559,False
2851315580,74.0,86.0,312,False,2nd 02:30:00 : missed by Bennett Stirtz(Iowa) 64-69,period_2 player_788090634 team_312,False
2851315582,70.0,85.0,312,True,2nd 02:26:00 : made by Tavion Banks(Iowa) 67-69,period_2 player_788090639 team_312,False
2851315583,6.0,3.0,559,True,2nd 02:04:00 : made by C.J. Cox(Purdue) 67-72,period_2 player_788090629 team_559,False
2851315585,82.0,56.0,312,True,2nd 01:38:00 : made by Cooper Koch(Iowa) 69-72,period_2 player_788090638 team_312,False
2851315591,74.0,77.0,312,False,2nd 00:49:70 : missed by Bennett Stirtz(Iowa) 69-74,period_2 player_788090634 team_312,False
2851315600,92.0,55.0,312,True,2nd 00:36:20 : made by Bennett Stirtz(Iowa) 71-75,period_2 player_788090634 team_312,False
2851315607,70.0,76.0,312,False,2nd 00:31:60 : missed by Cooper Koch(Iowa) 71-77,period_2 player_788090638 team_312,False
2851315609,91.0,95.0,312,False,2nd 00:23:50 : missed by Kael Combs(Iowa) 71-77,period_2 player_788090636 team_312,False
2852769934,93.0,54.0,657,True,1st 19:31:00 : made by Ezra Ausar(Southern California) 0-2,period_1 player_788179753 team_657,False
2852769936,33.0,52.0,559,False,1st 19:13:00 : missed by Fletcher Loyer(Purdue) 0-2,period_1 player_788179761 team_559,False
2852769938,93.0,46.0,657,True,1st 19:04:00 : made by Jacob Cofie(Southern California) 0-4,period_1 player_788179757 team_657,False
2852769944,12.0,42.0,559,True,1st 18:39:00 : made by Oscar Cluff(Purdue) 2-4,period_1 player_788179763 team_559,False
2852769952,93.0,56.0,657,True,1st 17:48:00 : made by Kam Woods(Southern California) 2-6,period_1 player_788179754 team_657,False
2852769955,32.0,52.0,559,True,1st 17:25:00 : made by Braden Smith(Purdue) 5-6,period_1 player_788179762 team_559,False
2852769957,68.0,20.0,657,False,1st 16:52:00 : missed by Kam Woods(Southern California) 5-6,period_1 player_788179754 team_657,False
2852769959,23.0,12.0,559,True,1st 16:40:00 : made by Gicarri Harris(Purdue) 8-6,period_1 player_788179764 team_559,False
2852769970,76.0,50.0,657,True,1st 16:02:00 : made by Chad Baker-Mazara(Southern California) 8-8,period_1 player_788179749 team_657,False
2852769975,21.0,65.0,559,False,1st 15:30:00 : missed by C.J. Cox(Purdue) 8-8,period_1 player_788179766 team_559,False
2852769984,22.0,31.0,559,False,1st 15:11:00 : missed by Omer Mayer(Purdue) 8-8,period_1 player_788179768 team_559,False
2852769986,73.0,20.0,657,False,1st 14:49:00 : missed by Chad Baker-Mazara(Southern California) 8-8,period_1 player_788179749 team_657,False
2852769988,94.0,3.0,657,True,1st 14:42:00 : made by Jacob Cofie(Southern California) 8-11,period_1 player_788179757 team_657,False
2852769990,11.0,75.0,559,False,1st 14:17:00 : missed by Trey Kaufman-Renn(Purdue) 8-11,period_1 player_788179760 team_559,False
2852769997,32.0,41.0,559,False,1st 13:48:00 : missed by Fletcher Loyer(Purdue) 8-11,period_1 player_788179761 team_559,False
2852769999,81.0,49.0,657,True,1st 13:35:00 : made by Jordan Marsh(Southern California) 8-13,period_1 player_788179756 team_657,False
2852770000,6.0,6.0,559,False,1st 13:15:00 : missed by Gicarri Harris(Purdue) 8-13,period_1 player_788179764 team_559,False
2852770002,94.0,45.0,657,True,1st 13:01:00 : made by Gabe Dynes(Southern California) 8-15,period_1 player_788179755 team_657,False
2852770004,12.0,4.0,559,False,1st 12:45:00 : missed by Gicarri Harris(Purdue) 8-15,period_1 player_788179764 team_559,False
2852770006,93.0,40.0,657,True,1st 12:33:00 : made by Gabe Dynes(Southern California) 8-17,period_1 player_788179755 team_657,False
2852770011,18.0,25.0,559,False,1st 12:15:00 : missed by Braden Smith(Purdue) 8-17,period_1 player_788179762 team_559,False
2852770013,80.0,8.0,657,True,1st 12:04:00 : made by Jaden Brownell(Southern California) 8-20,period_1 player_788179751 team_657,False
2852770015,32.0,42.0,559,False,1st 11:47:00 : missed by Daniel Jacobsen(Purdue) 8-20,period_1 player_788179767 team_559,False
2852770017,95.0,96.0,657,False,1st 11:34:00 : missed by Jordan Marsh(Southern California) 8-20,period_1 player_788179756 team_657,False
2852770021,94.0,48.0,657,True,1st 11:22:00 : made by Chad Baker-Mazara(Southern California) 8-22,period_1 player_788179749 team_657,False
2852770030,74.0,86.0,657,False,1st 10:37:00 : missed by Jaden Brownell(Southern California) 8-22,period_1 player_788179751 team_657,False
2852770032,26.0,82.0,559,False,1st 10:29:00 : missed by Fletcher Loyer(Purdue) 8-22,period_1 player_788179761 team_559,False
2852770034,7.0,95.0,559,False,1st 10:18:00 : missed by C.J. Cox(Purdue) 8-22,period_1 player_788179766 team_559,False
2852770038,7.0,21.0,559,False,1st 10:13:00 : missed by C.J. Cox(Purdue) 8-22,period_1 player_788179766 team_559,False
2852770040,80.0,50.0,657,False,1st 10:02:00 : missed by Chad Baker-Mazara(Southern California) 8-22,period_1 player_788179749 team_657,False
2852770042,17.0,74.0,559,False,1st 09:49:00 : missed by Braden Smith(Purdue) 8-22,period_1 player_788179762 team_559,False
2852770044,67.0,51.0,657,False,1st 09:28:00 : missed by Jordan Marsh(Southern California) 8-22,period_1 player_788179756 team_657,False
2852770048,13.0,97.0,559,False,1st 09:09:00 : missed by C.J. Cox(Purdue) 8-22,period_1 player_788179766 team_559,False
2852770050,6.0,51.0,559,True,1st 09:04:00 : made by Jack Benter(Purdue) 10-22,period_1 player_788179765 team_559,False
2852770053,17.0,34.0,559,True,1st 08:33:00 : made by Braden Smith(Purdue) 12-22,period_1 player_788179762 team_559,False
2852770054,86.0,34.0,657,False,1st 08:03:00 : missed by Jordan Marsh(Southern California) 12-22,period_1 player_788179756 team_657,False
2852770056,9.0,45.0,559,True,1st 07:57:00 : made by Fletcher Loyer(Purdue) 14-22,period_1 player_788179761 team_559,False
2852770060,7.0,46.0,559,False,1st 07:41:00 : missed by Braden Smith(Purdue) 14-22,period_1 player_788179762 team_559,False
2852770068,18.0,75.0,559,True,1st 07:34:00 : made by Braden Smith(Purdue) 16-22,period_1 player_788179762 team_559,False
2852770070,66.0,53.0,657,False,1st 07:12:00 : missed by Jaden Brownell(Southern California) 16-22,period_1 player_788179751 team_657,False
2852770072,91.0,47.0,657,True,1st 06:59:00 : made by Gabe Dynes(Southern California) 16-24,period_1 player_788179755 team_657,False
2852770074,9.0,56.0,559,True,1st 06:44:00 : made by Oscar Cluff(Purdue) 18-24,period_1 player_788179763 team_559,False
2852770082,7.0,48.0,559,True,1st 06:07:00 : made by C.J. Cox(Purdue) 20-24,period_1 player_788179766 team_559,False
2852770084,92.0,45.0,657,True,1st 05:39:00 : made by Chad Baker-Mazara(Southern California) 20-26,period_1 player_788179749 team_657,False
2852770085,30.0,70.0,559,True,1st 05:22:00 : made by Braden Smith(Purdue) 23-26,period_1 player_788179762 team_559,False
2852770086,81.0,46.0,657,False,1st 05:04:00 : missed by Jordan Marsh(Southern California) 23-26,period_1 player_788179756 team_657,False
2852770088,94.0,50.0,657,True,1st 04:59:00 : made by Chad Baker-Mazara(Southern California) 23-28,period_1 player_788179749 team_657,False
2852770089,10.0,95.0,559,True,1st 04:42:00 : made by Omer Mayer(Purdue) 26-28,period_1 player_788179768 team_559,False
2852770091,93.0,51.0,657,True,1st 04:26:00 : made by Gabe Dynes(Southern California) 26-30,period_1 player_788179755 team_657,False
2852770093,11.0,52.0,559,False,1st 03:53:00 : missed by Trey Kaufman-Renn(Purdue) 26-30,period_1 player_788179760 team_559,False
2852770111,77.0,7.0,657,False,1st 03:22:00 : missed by Ryan Cornish(Southern California) 28-30,period_1 player_788179752 team_657,False
2852770119,77.0,48.0,657,True,1st 02:45:00 : made by Jordan Marsh(Southern California) 30-32,period_1 player_788179756 team_657,False
2852770120,31.0,26.0,559,True,1st 02:30:00 : made by Braden Smith(Purdue) 33-32,period_1 player_788179762 team_559,False
2852770122,91.0,59.0,657,False,1st 02:03:00 : missed by Ryan Cornish(Southern California) 33-32,period_1 player_788179752 team_657,False
2852770124,32.0,66.0,559,False,1st 01:50:00 : missed by Omer Mayer(Purdue) 33-32,period_1 player_788179768 team_559,False
2852770126,85.0,57.0,657,False,1st 01:36:00 : missed by Chad Baker-Mazara(Southern California) 33-32,period_1 player_788179749 team_657,False
2852770134,66.0,52.0,657,False,1st 01:06:00 : missed by Jordan Marsh(Southern California) 33-32,period_1 player_788179756 team_657,False
2852770136,30.0,36.0,559,False,1st 00:49:10 : missed by Jack Benter(Purdue) 33-32,period_1 player_788179765 team_559,False
2852770142,89.0,41.0,657,False,1st 00:29:80 : missed by Jordan Marsh(Southern California) 35-32,period_1 player_788179756 team_657,False
2852770144,27.0,21.0,559,True,1st 00:06:60 : made by Braden Smith(Purdue) 38-32,period_1 player_788179762 team_559,False
2852770162,17.0,94.0,657,False,2nd 19:43:00 : missed by Chad Baker-Mazara(Southern California) 38-32,period_2 player_788179749 team_657,False
2852770164,92.0,48.0,559,True,2nd 19:32:00 : made by Oscar Cluff(Purdue) 40-32,period_2 player_788179763 team_559,False
2852770171,28.0,29.0,657,True,2nd 19:16:00 : made by Chad Baker-Mazara(Southern California) 40-36,period_2 player_788179749 team_657,False
2852770175,86.0,45.0,559,True,2nd 18:40:00 : made by Oscar Cluff(Purdue) 42-36,period_2 player_788179763 team_559,False
2852770187,83.0,60.0,559,False,2nd 17:42:00 : missed by Braden Smith(Purdue) 42-37,period_2 player_788179762 team_559,False
2852770192,12.0,54.0,657,False,2nd 17:17:00 : missed by Chad Baker-Mazara(Southern California) 42-37,period_2 player_788179749 team_657,False
2852770194,6.0,50.0,657,True,2nd 17:14:00 : made by Jacob Cofie(Southern California) 42-39,period_2 player_788179757 team_657,False
2852770195,93.0,75.0,559,False,2nd 17:00:00 : missed by C.J. Cox(Purdue) 42-39,period_2 player_788179766 team_559,False
2852770203,77.0,13.0,559,False,2nd 15:59:00 : missed by Braden Smith(Purdue) 42-41,period_2 player_788179762 team_559,False
2852770206,7.0,57.0,657,True,2nd 15:54:00 : made by Chad Baker-Mazara(Southern California) 42-43,period_2 player_788179749 team_657,False
2852770218,6.0,26.0,657,False,2nd 15:03:00 : missed by Chad Baker-Mazara(Southern California) 43-43,period_2 player_788179749 team_657,False
2852770226,29.0,76.0,657,False,2nd 14:24:00 : missed by Chad Baker-Mazara(Southern California) 43-43,period_2 player_788179749 team_657,False
2852770230,10.0,58.0,657,False,2nd 14:16:00 : missed by Ezra Ausar(Southern California) 43-43,period_2 player_788179753 team_657,False
2852770233,93.0,48.0,559,False,2nd 14:11:00 : missed by C.J. Cox(Purdue) 43-43,period_2 player_788179766 team_559,False
2852770236,8.0,56.0,657,False,2nd 14:05:00 : missed by Jacob Cofie(Southern California) 43-43,period_2 player_788179757 team_657,False
2852770247,7.0,54.0,657,True,2nd 13:38:00 : made by Kam Woods(Southern California) 43-45,period_2 player_788179754 team_657,False
2852770248,94.0,46.0,559,True,2nd 13:15:00 : made by Oscar Cluff(Purdue) 45-45,period_2 player_788179763 team_559,False
2852770250,10.0,78.0,657,True,2nd 12:59:00 : made by Jacob Cofie(Southern California) 45-47,period_2 player_788179757 team_657,False
2852770251,94.0,55.0,559,True,2nd 12:33:00 : made by Oscar Cluff(Purdue) 47-47,period_2 player_788179763 team_559,False
2852770253,11.0,4.0,657,False,2nd 12:13:00 : missed by Chad Baker-Mazara(Southern California) 47-47,period_2 player_788179749 team_657,False
2852770263,5.0,46.0,657,True,2nd 12:02:00 : made by Jaden Brownell(Southern California) 47-49,period_2 player_788179751 team_657,False
2852770265,85.0,57.0,559,True,2nd 11:38:00 : made by Fletcher Loyer(Purdue) 49-49,period_2 player_788179761 team_559,False
2852770267,23.0,59.0,657,True,2nd 11:19:00 : made by Jacob Cofie(Southern California) 49-51,period_2 player_788179757 team_657,False
2852770269,86.0,95.0,559,False,2nd 10:50:00 : missed by Jack Benter(Purdue) 49-51,period_2 player_788179765 team_559,False
2852770271,7.0,54.0,657,False,2nd 10:44:00 : missed by Ezra Ausar(Southern California) 49-51,period_2 player_788179753 team_657,False
2852770273,6.0,50.0,657,False,2nd 10:42:00 : missed by Kam Woods(Southern California) 49-51,period_2 player_788179754 team_657,False
2852770275,89.0,52.0,559,False,2nd 10:26:00 : missed by Braden Smith(Purdue) 49-51,period_2 player_788179762 team_559,False
2852770288,8.0,60.0,657,True,2nd 10:18:00 : made by Jacob Cofie(Southern California) 49-53,period_2 player_788179757 team_657,False
2852770293,88.0,61.0,559,False,2nd 09:48:00 : missed by C.J. Cox(Purdue) 49-53,period_2 player_788179766 team_559,False
2852770302,91.0,54.0,559,True,2nd 09:26:00 : made by Trey Kaufman-Renn(Purdue) 51-53,period_2 player_788179760 team_559,False
2852770304,11.0,28.0,657,False,2nd 09:07:00 : missed by Jaden Brownell(Southern California) 51-53,period_2 player_788179751 team_657,False
2852770313,79.0,10.0,559,True,2nd 08:46:00 : made by Jack Benter(Purdue) 54-54,period_2 player_788179765 team_559,False
2852770324,91.0,53.0,559,True,2nd 08:06:00 : made by Trey Kaufman-Renn(Purdue) 57-54,period_2 player_788179760 team_559,False
2852770330,83.0,49.0,559,False,2nd 07:17:00 : missed by Trey Kaufman-Renn(Purdue) 57-54,period_2 player_788179760 team_559,False
2852770332,30.0,66.0,657,False,2nd 06:50:00 : missed by Jordan Marsh(Southern California) 57-54,period_2 player_788179756 team_657,False
2852770334,67.0,57.0,559,False,2nd 06:38:00 : missed by Braden Smith(Purdue) 57-54,period_2 player_788179762 team_559,False
2852770336,14.0,44.0,657,True,2nd 06:24:00 : made by Kam Woods(Southern California) 57-56,period_2 player_788179754 team_657,False
2852770337,89.0,57.0,559,False,2nd 06:04:00 : missed by Trey Kaufman-Renn(Purdue) 57-56,period_2 player_788179760 team_559,False
2852770340,25.0,84.0,657,False,2nd 05:41:00 : missed by Jordan Marsh(Southern California) 57-56,period_2 player_788179756 team_657,False
2852770344,83.0,52.0,559,False,2nd 05:10:00 : missed by Trey Kaufman-Renn(Purdue) 57-56,period_2 player_788179760 team_559,False
2852770346,7.0,54.0,657,True,2nd 04:49:00 : made by Ezra Ausar(Southern California) 57-58,period_2 player_788179753 team_657,False
2852770354,66.0,35.0,559,False,2nd 04:20:00 : missed by C.J. Cox(Purdue) 57-58,period_2 player_788179766 team_559,False
2852770358,9.0,99.0,657,False,2nd 04:11:00 : missed by Jordan Marsh(Southern California) 57-58,period_2 player_788179756 team_657,False
2852770360,6.0,50.0,657,False,2nd 04:06:00 : missed by Jacob Cofie(Southern California) 57-58,period_2 player_788179757 team_657,False
2852770362,90.0,46.0,559,False,2nd 03:52:00 : missed by Oscar Cluff(Purdue) 57-58,period_2 player_788179763 team_559,False
2852770367,6.0,16.0,657,True,2nd 03:23:00 : made by Ezra Ausar(Southern California) 57-60,period_2 player_788179753 team_657,False
2852770375,34.0,54.0,657,False,2nd 02:49:00 : missed by Jacob Cofie(Southern California) 58-60,period_2 player_788179757 team_657,False
2852770381,8.0,26.0,657,False,2nd 02:09:00 : missed by Jordan Marsh(Southern California) 60-60,period_2 player_788179756 team_657,False
2852770383,91.0,59.0,559,True,2nd 01:47:00 : made by Oscar Cluff(Purdue) 62-60,period_2 player_788179763 team_559,False
2852770385,29.0,34.0,657,False,2nd 01:22:00 : missed by Chad Baker-Mazara(Southern California) 62-60,period_2 player_788179749 team_657,False
2852770394,10.0,59.0,657,True,2nd 01:00:00 : made by Chad Baker-Mazara(Southern California) 63-62,period_2 player_788179749 team_657,False
2852770395,88.0,54.0,559,False,2nd 00:40:70 : missed by Trey Kaufman-Renn(Purdue) 63-62,period_2 player_788179760 team_559,False
2852770399,92.0,55.0,559,True,2nd 00:23:60 : made by Braden Smith(Purdue) 65-62,period_2 player_788179762 team_559,False
2852770405,8.0,48.0,657,True,2nd 00:15:80 : made by Ezra Ausar(Southern California) 65-64,period_2 player_788179753 team_657,False
2852770434,37.0,77.0,657,False,2nd 00:03:10 : missed by Chad Baker-Mazara(Southern California) 69-64,period_2 player_788179749 team_657,False
2852770438,7.0,51.0,657,False,2nd 08:31:00 : missed by Gabe Dynes(Southern California) 54-54,period_2 player_788179755 team_657,False
2853363747,67.0,21.0,110,False,1st 19:40:00 : missed by Tyler Bilodeau(UCLA) 0-0,period_1 player_788222492 team_110,False
2853363749,13.0,58.0,559,False,1st 19:17:00 : missed by Braden Smith(Purdue) 0-0,period_1 player_788222505 team_559,False
2853363751,9.0,94.0,559,False,1st 19:02:00 : missed by Trey Kaufman-Renn(Purdue) 0-0,period_1 player_788222503 team_559,False
2853363756,76.0,12.0,110,False,1st 18:23:00 : missed by Trent Perry(UCLA) 0-0,period_1 player_788222499 team_110,False
2853363758,21.0,37.0,559,True,1st 18:16:00 : made by C.J. Cox(Purdue) 2-0,period_1 player_788222509 team_559,False
2853363759,91.0,83.0,110,False,1st 17:54:00 : missed by Eric Dailey Jr.(UCLA) 2-0,period_1 player_788222495 team_110,False
2853363761,10.0,58.0,559,False,1st 17:47:00 : missed by Fletcher Loyer(Purdue) 2-0,period_1 player_788222504 team_559,False
2853363763,92.0,4.0,110,True,1st 17:39:00 : made by Trent Perry(UCLA) 2-3,period_1 player_788222499 team_110,False
2853363765,29.0,77.0,559,True,1st 17:13:00 : made by C.J. Cox(Purdue) 5-3,period_1 player_788222509 team_559,False
2853363767,84.0,60.0,110,False,1st 16:48:00 : missed by Donovan Dent(UCLA) 5-3,period_1 player_788222493 team_110,False
2853363769,96.0,58.0,110,False,1st 16:43:00 : missed by Eric Dailey Jr.(UCLA) 5-3,period_1 player_788222495 team_110,False
2853363771,9.0,42.0,559,True,1st 16:36:00 : made by Braden Smith(Purdue) 7-3,period_1 player_788222505 team_559,False
2853363773,73.0,77.0,110,False,1st 16:06:00 : missed by Xavier Booker(UCLA) 7-3,period_1 player_788222497 team_110,False
2853363775,83.0,75.0,110,True,1st 16:00:00 : made by Trent Perry(UCLA) 7-5,period_1 player_788222499 team_110,False
2853363778,8.0,95.0,559,True,1st 15:29:00 : made by Fletcher Loyer(Purdue) 10-5,period_1 player_788222504 team_559,False
2853363780,69.0,70.0,110,False,1st 15:14:00 : missed by Tyler Bilodeau(UCLA) 10-5,period_1 player_788222492 team_110,False
2853363788,8.0,5.0,559,False,1st 14:48:00 : missed by Gicarri Harris(Purdue) 10-5,period_1 player_788222507 team_559,False
2853363790,7.0,61.0,559,False,1st 14:42:00 : missed by Fletcher Loyer(Purdue) 10-5,period_1 player_788222504 team_559,False
2853363793,8.0,59.0,559,True,1st 14:34:00 : made by Trey Kaufman-Renn(Purdue) 12-5,period_1 player_788222503 team_559,False
2853363794,92.0,43.0,110,True,1st 14:20:00 : made by Xavier Booker(UCLA) 12-7,period_1 player_788222497 team_110,False
2853363796,8.0,41.0,559,True,1st 14:01:00 : made by Trey Kaufman-Renn(Purdue) 14-7,period_1 player_788222503 team_559,False
2853363798,81.0,88.0,110,True,1st 13:30:00 : made by Tyler Bilodeau(UCLA) 14-10,period_1 player_788222492 team_110,False
2853363804,10.0,71.0,559,False,1st 12:55:00 : missed by Braden Smith(Purdue) 14-10,period_1 player_788222505 team_559,False
2853363806,92.0,45.0,110,True,1st 12:38:00 : made by Xavier Booker(UCLA) 14-12,period_1 player_788222497 team_110,False
2853363808,9.0,40.0,559,False,1st 12:16:00 : missed by Fletcher Loyer(Purdue) 14-12,period_1 player_788222504 team_559,False
2853363813,8.0,58.0,559,False,1st 12:01:00 : missed by Braden Smith(Purdue) 14-12,period_1 player_788222505 team_559,False
2853363822,10.0,42.0,559,True,1st 11:57:00 : made by Daniel Jacobsen(Purdue) 16-12,period_1 player_788222510 team_559,False
2853363824,63.0,26.0,110,False,1st 11:24:00 : missed by Donovan Dent(UCLA) 16-12,period_1 player_788222493 team_110,False
2853363831,10.0,96.0,559,True,1st 11:04:00 : made by Gicarri Harris(Purdue) 19-12,period_1 player_788222507 team_559,False
2853363833,93.0,81.0,110,False,1st 10:29:00 : missed by Donovan Dent(UCLA) 19-12,period_1 player_788222493 team_110,False
2853363839,9.0,42.0,559,True,1st 10:09:00 : made by Jack Benter(Purdue) 21-12,period_1 player_788222508 team_559,False
2853363846,9.0,4.0,559,False,1st 09:23:00 : missed by Gicarri Harris(Purdue) 21-12,period_1 player_788222507 team_559,False
2853363849,93.0,98.0,110,True,1st 09:11:00 : made by Trent Perry(UCLA) 21-15,period_1 player_788222499 team_110,False
2853363856,88.0,3.0,110,False,1st 08:43:00 : missed by Donovan Dent(UCLA) 21-15,period_1 player_788222493 team_110,False
2853363858,9.0,42.0,559,True,1st 08:30:00 : made by Oscar Cluff(Purdue) 23-15,period_1 player_788222506 team_559,False
2853363860,74.0,20.0,110,False,1st 08:17:00 : missed by Tyler Bilodeau(UCLA) 23-15,period_1 player_788222492 team_110,False
2853363862,17.0,54.0,559,True,1st 07:47:00 : made by Jack Benter(Purdue) 25-15,period_1 player_788222508 team_559,False
2853363866,9.0,43.0,559,True,1st 07:24:00 : made by Gicarri Harris(Purdue) 27-15,period_1 player_788222507 team_559,False
2853363870,84.0,47.0,110,True,1st 07:09:00 : made by Donovan Dent(UCLA) 27-17,period_1 player_788222493 team_110,False
2853363872,9.0,60.0,559,False,1st 06:54:00 : missed by Oscar Cluff(Purdue) 27-17,period_1 player_788222506 team_559,False
2853363875,81.0,90.0,110,True,1st 06:38:00 : made by Xavier Booker(UCLA) 27-20,period_1 player_788222497 team_110,False
2853363877,32.0,38.0,559,False,1st 06:13:00 : missed by C.J. Cox(Purdue) 27-20,period_1 player_788222509 team_559,False
2853363879,90.0,41.0,110,True,1st 06:00:00 : made by Eric Dailey Jr.(UCLA) 27-22,period_1 player_788222495 team_110,False
2853363891,25.0,83.0,559,False,1st 05:35:00 : missed by Braden Smith(Purdue) 27-22,period_1 player_788222505 team_559,False
2853363895,33.0,54.0,559,False,1st 05:14:00 : missed by C.J. Cox(Purdue) 27-22,period_1 player_788222509 team_559,False
2853363897,23.0,14.0,559,False,1st 05:09:00 : missed by Fletcher Loyer(Purdue) 27-22,period_1 player_788222504 team_559,False
2853363899,83.0,72.0,110,False,1st 04:48:00 : missed by Trent Perry(UCLA) 27-22,period_1 player_788222499 team_110,False
2853363901,10.0,42.0,559,False,1st 04:41:00 : missed by Braden Smith(Purdue) 27-22,period_1 player_788222505 team_559,False
2853363904,94.0,56.0,110,True,1st 04:36:00 : made by Eric Dailey Jr.(UCLA) 27-24,period_1 player_788222495 team_110,False
2853363915,93.0,41.0,110,True,1st 03:56:00 : made by Donovan Dent(UCLA) 27-26,period_1 player_788222493 team_110,False
2853363917,18.0,23.0,559,True,1st 03:28:00 : made by Fletcher Loyer(Purdue) 29-26,period_1 player_788222504 team_559,False
2853363919,91.0,42.0,110,False,1st 02:56:00 : missed by Eric Dailey Jr.(UCLA) 29-26,period_1 player_788222495 team_110,False
2853363921,30.0,20.0,559,False,1st 02:52:00 : missed by Fletcher Loyer(Purdue) 29-26,period_1 player_788222504 team_559,False
2853363923,68.0,48.0,110,False,1st 02:31:00 : missed by Brandon Williams(UCLA) 29-26,period_1 player_788222496 team_110,False
2853363932,93.0,46.0,110,True,1st 02:12:00 : made by Donovan Dent(UCLA) 29-28,period_1 player_788222493 team_110,False
2853363933,30.0,17.0,559,True,1st 01:38:00 : made by Braden Smith(Purdue) 32-28,period_1 player_788222505 team_559,False
2853363935,89.0,42.0,110,True,1st 00:53:00 : made by Eric Dailey Jr.(UCLA) 32-30,period_1 player_788222495 team_110,False
2853363937,29.0,72.0,559,False,1st 00:38:40 : missed by Fletcher Loyer(Purdue) 32-30,period_1 player_788222504 team_559,False
2853363939,11.0,56.0,559,False,1st 00:28:50 : missed by Daniel Jacobsen(Purdue) 32-30,period_1 player_788222510 team_559,False
2853363941,77.0,48.0,110,True,1st 00:01:40 : made by Donovan Dent(UCLA) 32-32,period_1 player_788222493 team_110,False
2853363948,92.0,41.0,559,False,2nd 19:32:00 : missed by C.J. Cox(Purdue) 32-32,period_2 player_788222509 team_559,False
2853363953,8.0,41.0,110,True,2nd 19:08:00 : made by Donovan Dent(UCLA) 32-34,period_2 player_788222493 team_110,False
2853363955,84.0,76.0,559,True,2nd 18:39:00 : made by C.J. Cox(Purdue) 34-34,period_2 player_788222509 team_559,False
2853363957,6.0,97.0,110,True,2nd 18:15:00 : made by Trent Perry(UCLA) 34-37,period_2 player_788222499 team_110,False
2853363959,71.0,27.0,559,False,2nd 17:39:00 : missed by Trey Kaufman-Renn(Purdue) 34-37,period_2 player_788222503 team_559,False
2853363962,10.0,61.0,110,True,2nd 17:20:00 : made by Donovan Dent(UCLA) 34-39,period_2 player_788222493 team_110,False
2853363964,73.0,19.0,559,False,2nd 17:02:00 : missed by Braden Smith(Purdue) 34-39,period_2 player_788222505 team_559,False
2853363968,89.0,50.0,559,False,2nd 16:41:00 : missed by Oscar Cluff(Purdue) 34-39,period_2 player_788222506 team_559,False
2853363970,94.0,43.0,559,True,2nd 16:38:00 : made by Oscar Cluff(Purdue) 36-39,period_2 player_788222506 team_559,False
2853363971,21.0,89.0,110,False,2nd 16:14:00 : missed by Eric Dailey Jr.(UCLA) 36-39,period_2 player_788222495 team_110,False
2853363979,20.0,61.0,110,True,2nd 15:32:00 : made by Donovan Dent(UCLA) 38-41,period_2 player_788222493 team_110,False
2853363980,94.0,58.0,559,True,2nd 15:13:00 : made by Trey Kaufman-Renn(Purdue) 40-41,period_2 player_788222503 team_559,False
2853363982,9.0,58.0,110,True,2nd 14:52:00 : made by Xavier Booker(UCLA) 40-43,period_2 player_788222497 team_110,False
2853363984,81.0,33.0,559,True,2nd 14:26:00 : made by C.J. Cox(Purdue) 42-43,period_2 player_788222509 team_559,False
2853363986,15.0,94.0,110,True,2nd 14:09:00 : made by Tyler Bilodeau(UCLA) 42-46,period_2 player_788222492 team_110,False
2853363988,93.0,97.0,559,True,2nd 13:44:00 : made by C.J. Cox(Purdue) 45-46,period_2 player_788222509 team_559,False
2853363990,11.0,56.0,110,True,2nd 13:07:00 : made by Eric Dailey Jr.(UCLA) 45-48,period_2 player_788222495 team_110,False
2853363997,7.0,78.0,110,True,2nd 12:31:00 : made by Eric Dailey Jr.(UCLA) 45-50,period_2 player_788222495 team_110,False
2853363998,92.0,41.0,559,False,2nd 12:12:00 : missed by Daniel Jacobsen(Purdue) 45-50,period_2 player_788222510 team_559,False
2853364002,8.0,86.0,110,False,2nd 11:45:00 : missed by Eric Dailey Jr.(UCLA) 45-50,period_2 player_788222495 team_110,False
2853364004,11.0,41.0,110,False,2nd 11:31:00 : missed by Donovan Dent(UCLA) 45-50,period_2 player_788222493 team_110,False
2853364019,69.0,9.0,559,False,2nd 10:57:00 : missed by Jack Benter(Purdue) 47-50,period_2 player_788222508 team_559,False
2853364021,93.0,66.0,559,True,2nd 10:51:00 : made by C.J. Cox(Purdue) 49-50,period_2 player_788222509 team_559,False
2853364022,24.0,65.0,110,False,2nd 10:20:00 : missed by Donovan Dent(UCLA) 49-50,period_2 player_788222493 team_110,False
2853364033,76.0,15.0,559,False,2nd 09:46:00 : missed by C.J. Cox(Purdue) 51-50,period_2 player_788222509 team_559,False
2853364035,10.0,88.0,110,True,2nd 09:19:00 : made by Tyler Bilodeau(UCLA) 51-52,period_2 player_788222492 team_110,False
2853364037,73.0,22.0,559,False,2nd 09:01:00 : missed by Gicarri Harris(Purdue) 51-52,period_2 player_788222507 team_559,False
2853364039,95.0,57.0,559,True,2nd 08:42:00 : made by Braden Smith(Purdue) 53-52,period_2 player_788222505 team_559,False
2853364049,73.0,73.0,559,True,2nd 08:01:00 : made by Omer Mayer(Purdue) 56-52,period_2 player_788222511 team_559,False
2853364051,16.0,95.0,110,False,2nd 07:37:00 : missed by Trent Perry(UCLA) 56-52,period_2 player_788222499 team_110,False
2853364053,94.0,96.0,559,False,2nd 07:09:00 : missed by Jack Benter(Purdue) 56-52,period_2 player_788222508 team_559,False
2853364055,10.0,44.0,110,True,2nd 07:01:00 : made by Donovan Dent(UCLA) 56-54,period_2 player_788222493 team_110,False
2853364056,96.0,4.0,559,False,2nd 06:42:00 : missed by Omer Mayer(Purdue) 56-54,period_2 player_788222511 team_559,False
2853364058,95.0,57.0,559,True,2nd 06:38:00 : made by Daniel Jacobsen(Purdue) 58-54,period_2 player_788222510 team_559,False
2853364074,86.0,94.0,559,False,2nd 06:02:00 : missed by Fletcher Loyer(Purdue) 58-56,period_2 player_788222504 team_559,False
2853364076,16.0,72.0,110,True,2nd 05:30:00 : made by Donovan Dent(UCLA) 58-58,period_2 player_788222493 team_110,False
2853364077,92.0,3.0,559,False,2nd 05:01:00 : missed by Fletcher Loyer(Purdue) 58-58,period_2 player_788222504 team_559,False
2853364079,10.0,40.0,110,False,2nd 04:36:00 : missed by Donovan Dent(UCLA) 58-58,period_2 player_788222493 team_110,False
2853364087,92.0,57.0,559,True,2nd 04:10:00 : made by Oscar Cluff(Purdue) 60-58,period_2 player_788222506 team_559,False
2853364095,90.0,13.0,559,True,2nd 03:56:00 : made by Braden Smith(Purdue) 62-58,period_2 player_788222505 team_559,False
2853364096,21.0,88.0,110,True,2nd 03:40:00 : made by Tyler Bilodeau(UCLA) 62-61,period_2 player_788222492 team_110,False
2853364098,92.0,70.0,559,False,2nd 03:20:00 : missed by Braden Smith(Purdue) 62-61,period_2 player_788222505 team_559,False
2853364101,10.0,42.0,110,False,2nd 03:05:00 : missed by Donovan Dent(UCLA) 62-61,period_2 player_788222493 team_110,False
2853364103,74.0,78.0,559,True,2nd 02:48:00 : made by Braden Smith(Purdue) 65-61,period_2 player_788222505 team_559,False
2853364107,23.0,87.0,110,False,2nd 02:21:00 : missed by Tyler Bilodeau(UCLA) 65-61,period_2 player_788222492 team_110,False
2853364109,73.0,72.0,559,False,2nd 01:59:00 : missed by Braden Smith(Purdue) 65-61,period_2 player_788222505 team_559,False
2853364111,93.0,59.0,559,True,2nd 01:56:00 : made by Trey Kaufman-Renn(Purdue) 67-61,period_2 player_788222503 team_559,False
2853364114,32.0,31.0,110,True,2nd 01:32:00 : made by Donovan Dent(UCLA) 67-64,period_2 player_788222493 team_110,False
2853364117,10.0,57.0,110,True,2nd 01:05:00 : made by Eric Dailey Jr.(UCLA) 67-66,period_2 player_788222495 team_110,False
2853364128,26.0,14.0,110,True,2nd 00:08:40 : made by Tyler Bilodeau(UCLA) 67-69,period_2 player_788222492 team_110,False
2853364134,71.0,23.0,559,False,2nd 00:00:50 : missed by C.J. Cox(Purdue) 67-69,period_2 player_788222509 team_559,False
2854845532,8.0,46.0,301,True,1st 19:37:00 : made by Keaton Wagler(Illinois) 2-0,period_1 player_788317174 team_301,False
2854845533,79.0,63.0,559,False,1st 19:17:00 : missed by Fletcher Loyer(Purdue) 2-0,period_1 player_788317156 team_559,False
2854845536,86.0,51.0,559,True,1st 18:47:00 : made by C.J. Cox(Purdue) 2-2,period_1 player_788317161 team_559,False
2854845538,8.0,94.0,301,False,1st 18:29:00 : missed by Andrej Stojakovic(Illinois) 2-2,period_1 player_788317166 team_301,False
2854845540,25.0,16.0,301,False,1st 18:21:00 : missed by Jake Davis(Illinois) 2-2,period_1 player_788317169 team_301,False
2854845542,92.0,48.0,559,True,1st 18:12:00 : made by Braden Smith(Purdue) 2-4,period_1 player_788317157 team_559,False
2854845543,32.0,49.0,301,False,1st 17:56:00 : missed by Keaton Wagler(Illinois) 2-4,period_1 player_788317174 team_301,False
2854845545,86.0,48.0,559,True,1st 17:37:00 : made by Trey Kaufman-Renn(Purdue) 2-6,period_1 player_788317155 team_559,False
2854845546,17.0,8.0,301,False,1st 17:15:00 : missed by Jake Davis(Illinois) 2-6,period_1 player_788317169 team_301,False
2854845548,7.0,36.0,301,False,1st 17:10:00 : missed by David Mirkovic(Illinois) 2-6,period_1 player_788317171 team_301,False
2854845553,88.0,49.0,559,True,1st 16:54:00 : made by Trey Kaufman-Renn(Purdue) 2-8,period_1 player_788317155 team_559,False
2854845555,31.0,35.0,301,True,1st 16:36:00 : made by Keaton Wagler(Illinois) 5-8,period_1 player_788317174 team_301,False
2854845557,31.0,37.0,301,False,1st 16:00:00 : missed by David Mirkovic(Illinois) 5-8,period_1 player_788317171 team_301,False
2854845571,31.0,22.0,301,True,1st 15:28:00 : made by Keaton Wagler(Illinois) 8-11,period_1 player_788317174 team_301,False
2854845572,73.0,73.0,559,True,1st 15:09:00 : made by Fletcher Loyer(Purdue) 8-14,period_1 player_788317156 team_559,False
2854845574,32.0,52.0,301,True,1st 14:38:00 : made by Keaton Wagler(Illinois) 11-14,period_1 player_788317174 team_301,False
2854845581,92.0,57.0,559,True,1st 14:15:00 : made by Gicarri Harris(Purdue) 11-16,period_1 player_788317159 team_559,False
2854845583,22.0,13.0,301,True,1st 13:50:00 : made by Keaton Wagler(Illinois) 14-16,period_1 player_788317174 team_301,False
2854845585,93.0,46.0,559,True,1st 13:33:00 : made by Daniel Jacobsen(Purdue) 14-18,period_1 player_788317162 team_559,False
2854845587,35.0,38.0,301,False,1st 13:19:00 : missed by Keaton Wagler(Illinois) 14-18,period_1 player_788317174 team_301,False
2854845589,22.0,47.0,301,True,1st 13:04:00 : made by David Mirkovic(Illinois) 16-18,period_1 player_788317171 team_301,False
2854845590,87.0,49.0,559,True,1st 12:47:00 : made by Braden Smith(Purdue) 16-20,period_1 player_788317157 team_559,False
2854845598,90.0,63.0,559,False,1st 11:57:00 : missed by Trey Kaufman-Renn(Purdue) 16-20,period_1 player_788317155 team_559,False
2854845600,8.0,45.0,301,False,1st 11:43:00 : missed by Brandon Lee(Illinois) 16-20,period_1 player_788317172 team_301,False
2854845602,91.0,49.0,559,True,1st 11:37:00 : made by Daniel Jacobsen(Purdue) 16-22,period_1 player_788317162 team_559,False
2854845613,91.0,45.0,559,False,1st 10:56:00 : missed by Daniel Jacobsen(Purdue) 18-22,period_1 player_788317162 team_559,False
2854845616,7.0,3.0,301,False,1st 10:34:00 : missed by Ben Humrichous(Illinois) 18-22,period_1 player_788317168 team_301,False
2854845618,80.0,88.0,559,True,1st 10:14:00 : made by Omer Mayer(Purdue) 18-25,period_1 player_788317163 team_559,False
2854845620,35.0,47.0,301,True,1st 09:58:00 : made by Keaton Wagler(Illinois) 21-25,period_1 player_788317174 team_301,False
2854845621,75.0,78.0,559,True,1st 09:32:00 : made by Omer Mayer(Purdue) 21-28,period_1 player_788317163 team_559,False
2854845623,15.0,92.0,301,True,1st 08:53:00 : made by Ben Humrichous(Illinois) 24-28,period_1 player_788317168 team_301,False
2854845624,80.0,63.0,559,False,1st 08:27:00 : missed by Omer Mayer(Purdue) 24-28,period_1 player_788317163 team_559,False
2854845627,11.0,50.0,301,False,1st 08:13:00 : missed by Andrej Stojakovic(Illinois) 24-28,period_1 player_788317166 team_301,False
2854845629,90.0,49.0,559,True,1st 07:58:00 : made by Trey Kaufman-Renn(Purdue) 24-30,period_1 player_788317155 team_559,False
2854845632,80.0,41.0,559,True,1st 07:29:00 : made by Braden Smith(Purdue) 24-32,period_1 player_788317157 team_559,False
2854845644,32.0,25.0,301,False,1st 06:59:00 : missed by Tomislav Ivisic(Illinois) 24-32,period_1 player_788317170 team_301,False
2854845646,91.0,54.0,559,True,1st 06:52:00 : made by Oscar Cluff(Purdue) 24-34,period_1 player_788317158 team_559,False
2854845653,15.0,48.0,301,False,1st 06:21:00 : missed by Mihailo Petrovic(Illinois) 24-35,period_1 player_788317173 team_301,False
2854845659,12.0,49.0,301,True,1st 06:02:00 : made by Andrej Stojakovic(Illinois) 26-35,period_1 player_788317166 team_301,False
2854845660,91.0,55.0,559,False,1st 05:43:00 : missed by Fletcher Loyer(Purdue) 26-35,period_1 player_788317156 team_559,False
2854845662,11.0,44.0,301,False,1st 05:31:00 : missed by Andrej Stojakovic(Illinois) 26-35,period_1 player_788317166 team_301,False
2854845664,20.0,8.0,301,False,1st 05:22:00 : missed by Jake Davis(Illinois) 26-35,period_1 player_788317169 team_301,False
2854845666,32.0,45.0,301,False,1st 05:18:00 : missed by Andrej Stojakovic(Illinois) 26-35,period_1 player_788317166 team_301,False
2854845668,23.0,83.0,301,True,1st 05:12:00 : made by Jake Davis(Illinois) 29-35,period_1 player_788317169 team_301,False
2854845670,69.0,61.0,559,False,1st 04:56:00 : missed by Omer Mayer(Purdue) 29-35,period_1 player_788317163 team_559,False
2854845678,94.0,5.0,559,False,1st 04:43:00 : missed by C.J. Cox(Purdue) 29-35,period_1 player_788317161 team_559,False
2854845688,78.0,56.0,559,True,1st 03:58:00 : made by Braden Smith(Purdue) 31-37,period_1 player_788317157 team_559,False
2854845689,7.0,71.0,301,True,1st 03:32:00 : made by Andrej Stojakovic(Illinois) 33-37,period_1 player_788317166 team_301,False
2854845690,96.0,94.0,559,False,1st 03:08:00 : missed by Jack Benter(Purdue) 33-37,period_1 player_788317160 team_559,False
2854845692,24.0,14.0,301,False,1st 02:54:00 : missed by David Mirkovic(Illinois) 33-37,period_1 player_788317171 team_301,False
2854845705,91.0,52.0,559,True,1st 02:16:00 : made by C.J. Cox(Purdue) 33-41,period_1 player_788317161 team_559,False
2854845707,28.0,25.0,301,False,1st 01:44:00 : missed by Zvonimir Ivisic(Illinois) 33-41,period_1 player_788317167 team_301,False
2854845709,71.0,67.0,559,False,1st 01:39:00 : missed by C.J. Cox(Purdue) 33-41,period_1 player_788317161 team_559,False
2854845714,91.0,56.0,559,True,1st 01:00:00 : made by Trey Kaufman-Renn(Purdue) 33-43,period_1 player_788317155 team_559,False
2854845716,6.0,95.0,301,True,1st 00:43:00 : made by Zvonimir Ivisic(Illinois) 36-43,period_1 player_788317167 team_301,False
2854845718,91.0,94.0,559,False,1st 00:16:70 : missed by Fletcher Loyer(Purdue) 36-43,period_1 player_788317156 team_559,False
2854845724,31.0,67.0,301,True,1st 00:03:90 : made by Keaton Wagler(Illinois) 39-43,period_1 player_788317174 team_301,False
2854845736,30.0,23.0,559,False,2nd 19:51:00 : missed by Fletcher Loyer(Purdue) 39-43,period_2 player_788317156 team_559,False
2854845738,95.0,5.0,301,False,2nd 19:32:00 : missed by Jake Davis(Illinois) 39-43,period_2 player_788317169 team_301,False
2854845740,67.0,66.0,301,True,2nd 19:25:00 : made by Keaton Wagler(Illinois) 42-43,period_2 player_788317174 team_301,False
2854845742,8.0,59.0,559,False,2nd 19:00:00 : missed by Trey Kaufman-Renn(Purdue) 42-43,period_2 player_788317155 team_559,False
2854845744,84.0,59.0,301,True,2nd 18:35:00 : made by Keaton Wagler(Illinois) 44-43,period_2 player_788317174 team_301,False
2854845745,24.0,50.0,559,False,2nd 18:18:00 : missed by Braden Smith(Purdue) 44-43,period_2 player_788317157 team_559,False
2854845747,71.0,73.0,301,False,2nd 18:12:00 : missed by Tomislav Ivisic(Illinois) 44-43,period_2 player_788317170 team_301,False
2854845749,90.0,53.0,301,True,2nd 18:08:00 : made by Jake Davis(Illinois) 46-43,period_2 player_788317169 team_301,False
2854845754,94.0,94.0,301,False,2nd 17:27:00 : missed by Tomislav Ivisic(Illinois) 46-43,period_2 player_788317170 team_301,False
2854845756,22.0,50.0,559,True,2nd 17:17:00 : made by C.J. Cox(Purdue) 46-45,period_2 player_788317161 team_559,False
2854845759,22.0,46.0,559,False,2nd 16:40:00 : missed by C.J. Cox(Purdue) 46-45,period_2 player_788317161 team_559,False
2854845761,8.0,52.0,559,True,2nd 16:31:00 : made by Oscar Cluff(Purdue) 46-47,period_2 player_788317158 team_559,False
2854845765,6.0,46.0,559,True,2nd 15:58:00 : made by Oscar Cluff(Purdue) 46-49,period_2 player_788317158 team_559,False
2854845767,73.0,25.0,301,True,2nd 15:37:00 : made by David Mirkovic(Illinois) 49-49,period_2 player_788317171 team_301,False
2854845769,20.0,35.0,559,True,2nd 15:18:00 : made by Braden Smith(Purdue) 49-51,period_2 player_788317157 team_559,False
2854845771,92.0,54.0,301,False,2nd 14:50:00 : missed by Keaton Wagler(Illinois) 49-51,period_2 player_788317174 team_301,False
2854845773,13.0,45.0,559,False,2nd 14:38:00 : missed by Braden Smith(Purdue) 49-51,period_2 player_788317157 team_559,False
2854845782,76.0,85.0,301,False,2nd 14:23:00 : missed by Jake Davis(Illinois) 49-51,period_2 player_788317169 team_301,False
2854845784,81.0,10.0,301,False,2nd 14:17:00 : missed by Andrej Stojakovic(Illinois) 49-51,period_2 player_788317166 team_301,False
2854845790,68.0,74.0,301,True,2nd 14:00:00 : made by Keaton Wagler(Illinois) 52-51,period_2 player_788317174 team_301,False
2854845800,26.0,77.0,559,True,2nd 13:34:00 : made by Omer Mayer(Purdue) 53-54,period_2 player_788317163 team_559,False
2854845802,93.0,53.0,301,False,2nd 13:17:00 : missed by Andrej Stojakovic(Illinois) 53-54,period_2 player_788317166 team_301,False
2854845805,6.0,5.0,559,False,2nd 13:08:00 : missed by Omer Mayer(Purdue) 53-54,period_2 player_788317163 team_559,False
2854845809,70.0,73.0,301,True,2nd 12:49:00 : made by Ben Humrichous(Illinois) 56-54,period_2 player_788317168 team_301,False
2854845811,18.0,91.0,559,False,2nd 12:26:00 : missed by Jack Benter(Purdue) 56-54,period_2 player_788317160 team_559,False
2854845818,24.0,82.0,559,True,2nd 11:59:00 : made by Jack Benter(Purdue) 56-57,period_2 player_788317160 team_559,False
2854845827,14.0,46.0,559,False,2nd 11:15:00 : missed by Daniel Jacobsen(Purdue) 58-57,period_2 player_788317162 team_559,False
2854845830,86.0,48.0,301,False,2nd 10:51:00 : missed by Andrej Stojakovic(Illinois) 58-57,period_2 player_788317166 team_301,False
2854845832,6.0,37.0,559,True,2nd 10:35:00 : made by Braden Smith(Purdue) 58-59,period_2 player_788317157 team_559,False
2854845833,92.0,53.0,301,True,2nd 10:14:00 : made by Keaton Wagler(Illinois) 60-59,period_2 player_788317174 team_301,False
2854845836,20.0,39.0,559,True,2nd 09:38:00 : made by Omer Mayer(Purdue) 60-61,period_2 player_788317163 team_559,False
2854845837,74.0,77.0,301,True,2nd 09:18:00 : made by Keaton Wagler(Illinois) 63-61,period_2 player_788317174 team_301,False
2854845838,8.0,43.0,559,True,2nd 08:57:00 : made by Braden Smith(Purdue) 63-63,period_2 player_788317157 team_559,False
2854845850,12.0,56.0,559,True,2nd 08:29:00 : made by Braden Smith(Purdue) 64-65,period_2 player_788317157 team_559,False
2854845865,20.0,36.0,559,False,2nd 07:55:00 : missed by Braden Smith(Purdue) 65-66,period_2 player_788317157 team_559,False
2854845874,8.0,55.0,559,True,2nd 07:35:00 : made by Oscar Cluff(Purdue) 65-68,period_2 player_788317158 team_559,False
2854845881,76.0,80.0,301,False,2nd 06:59:00 : missed by Zvonimir Ivisic(Illinois) 66-68,period_2 player_788317167 team_301,False
2854845883,86.0,50.0,301,True,2nd 06:55:00 : made by David Mirkovic(Illinois) 68-68,period_2 player_788317171 team_301,False
2854845884,12.0,50.0,559,False,2nd 06:27:00 : missed by Oscar Cluff(Purdue) 68-68,period_2 player_788317158 team_559,False
2854845886,95.0,95.0,301,False,2nd 06:08:00 : missed by Zvonimir Ivisic(Illinois) 68-68,period_2 player_788317167 team_301,False
2854845888,94.0,68.0,301,False,2nd 05:54:00 : missed by Keaton Wagler(Illinois) 68-68,period_2 player_788317174 team_301,False
2854845890,26.0,20.0,559,False,2nd 05:46:00 : missed by Jack Benter(Purdue) 68-68,period_2 player_788317160 team_559,False
2854845902,31.0,36.0,559,True,2nd 05:18:00 : made by Braden Smith(Purdue) 68-71,period_2 player_788317157 team_559,False
2854845903,92.0,95.0,301,False,2nd 04:59:00 : missed by Ben Humrichous(Illinois) 68-71,period_2 player_788317168 team_301,False
2854845905,17.0,50.0,559,True,2nd 04:36:00 : made by Braden Smith(Purdue) 68-73,period_2 player_788317157 team_559,False
2854845913,20.0,88.0,559,False,2nd 04:02:00 : missed by C.J. Cox(Purdue) 69-73,period_2 player_788317161 team_559,False
2854845915,27.0,74.0,559,False,2nd 03:51:00 : missed by Omer Mayer(Purdue) 69-73,period_2 player_788317163 team_559,False
2854845923,74.0,21.0,301,True,2nd 03:31:00 : made by Tomislav Ivisic(Illinois) 73-73,period_2 player_788317170 team_301,False
2854845924,13.0,49.0,559,True,2nd 03:00:00 : made by Trey Kaufman-Renn(Purdue) 73-75,period_2 player_788317155 team_559,False
2854845926,92.0,5.0,301,True,2nd 02:29:00 : made by Jake Davis(Illinois) 76-75,period_2 player_788317169 team_301,False
2854845928,20.0,37.0,559,False,2nd 02:07:00 : missed by Braden Smith(Purdue) 76-75,period_2 player_788317157 team_559,False
2854845930,93.0,94.0,301,True,2nd 01:46:00 : made by David Mirkovic(Illinois) 79-75,period_2 player_788317171 team_301,False
2854845932,17.0,49.0,559,True,2nd 01:22:00 : made by Trey Kaufman-Renn(Purdue) 79-77,period_2 player_788317155 team_559,False
2854845934,72.0,25.0,301,True,2nd 00:57:00 : made by Tomislav Ivisic(Illinois) 82-77,period_2 player_788317170 team_301,False
2854845939,29.0,66.0,559,True,2nd 00:45:00 : made by Braden Smith(Purdue) 82-80,period_2 player_788317157 team_559,False
2854845943,87.0,55.0,301,True,2nd 00:18:20 : made by Keaton Wagler(Illinois) 84-80,period_2 player_788317174 team_301,False
2854845968,34.0,49.0,559,False,2nd 00:04:00 : missed by Braden Smith(Purdue) 88-82,period_2 player_788317157 team_559,False
